0.000000000000 98.500000000000 0.000000000000
0.001428571429 98.499902000000 0.000000994924
0.002857142857 98.499804000000 0.000001989848
0.004285714286 98.499706000000 0.000002984772
0.005714285714 98.499608000000 0.000003979695
0.007142857143 98.499510000000 0.000004974619
0.008571428571 98.499412000000 0.000005969543
0.010000000000 98.499314000000 0.000006964467
0.011428571429 98.499216000000 0.000007959391
0.012857142857 98.499118000000 0.000008954315
0.014285714286 98.499020000000 0.000009949239
0.015714285714 98.498922000000 0.000010944162
0.017142857143 98.498824000000 0.000011939086
0.018571428571 98.498726000000 0.000012934010
0.020000000000 98.498628000000 0.000013928934
0.021428571429 98.498530000000 0.000014923858
0.022857142857 98.498432000000 0.000015918782
0.024285714286 98.498334000000 0.000016913706
0.025714285714 98.498236000000 0.000017908629
0.027142857143 98.498138000000 0.000018903553
0.028571428571 98.498040000000 0.000019898477
0.030000000000 98.497942000000 0.000020893401
0.031428571429 98.497844000000 0.000021888325
0.032857142857 98.497746000000 0.000022883249
0.034285714286 98.497648000000 0.000023878173
0.035714285714 98.497550000000 0.000024873096
0.037142857143 98.497452000000 0.000025868020
0.038571428571 98.497354000000 0.000026862944
0.040000000000 98.497256000000 0.000027857868
0.041428571429 98.497158000000 0.000028852792
0.042857142857 98.497060000000 0.000029847716
0.044285714286 98.496962000000 0.000030842640
0.045714285714 98.496864000000 0.000031837563
0.047142857143 98.496766000000 0.000032832487
0.048571428571 98.496668000000 0.000033827411
0.050000000000 98.496570000000 0.000034822335
0.051428571429 98.496472000000 0.000035817259
0.052857142857 98.496374000000 0.000036812183
0.054285714286 98.496276000000 0.000037807107
0.055714285714 98.496178000000 0.000038802030
0.057142857143 98.496080000000 0.000039796954
0.058571428571 98.495982000000 0.000040791878
0.060000000000 98.495884000000 0.000041786802
0.061428571429 98.495786000000 0.000042781726
0.062857142857 98.495688000000 0.000043776650
0.064285714286 98.495590000000 0.000044771574
0.065714285714 98.495492000000 0.000045766497
0.067142857143 98.495394000000 0.000046761421
0.068571428571 98.495296000000 0.000047756345
0.070000000000 98.495198000000 0.000048751269
0.071428571429 98.495100000000 0.000049746193
0.072857142857 98.495002000000 0.000050741117
0.074285714286 98.494904000000 0.000051736041
0.075714285714 98.494806000000 0.000052730964
0.077142857143 98.494708000000 0.000053725888
0.078571428571 98.494610000000 0.000054720812
0.080000000000 98.494512000000 0.000055715736
0.081428571429 98.494414000000 0.000056710660
0.082857142857 98.494316000000 0.000057705584
0.084285714286 98.494218000000 0.000058700508
0.085714285714 98.494120000000 0.000059695431
0.087142857143 98.494022000000 0.000060690355
0.088571428571 98.493924000000 0.000061685279
0.090000000000 98.493826000000 0.000062680203
0.091428571429 98.493728000000 0.000063675127
0.092857142857 98.493630000000 0.000064670051
0.094285714286 98.493532000000 0.000065664975
0.095714285714 98.493434000000 0.000066659898
0.097142857143 98.493336000000 0.000067654822
0.098571428571 98.493238000000 0.000068649746
0.100000000000 98.493140000000 0.000069644670
0.101428571429 98.493042000000 0.000070639594
0.102857142857 98.492944000000 0.000071634518
0.104285714286 98.492846000000 0.000072629442
0.105714285714 98.492748000000 0.000073624365
0.107142857143 98.492650000000 0.000074619289
0.108571428571 98.492552000000 0.000075614213
0.110000000000 98.492454000000 0.000076609137
0.111428571429 98.492356000000 0.000077604061
0.112857142857 98.492258000000 0.000078598985
0.114285714286 98.492160000000 0.000079593909
0.115714285714 98.492062000000 0.000080588832
0.117142857143 98.491964000000 0.000081583756
0.118571428571 98.491866000000 0.000082578680
0.120000000000 98.491768000000 0.000083573604
0.121428571429 98.491670000000 0.000084568528
0.122857142857 98.491572000000 0.000085563452
0.124285714286 98.491474000000 0.000086558376
0.125714285714 98.491376000000 0.000087553299
0.127142857143 98.491278000000 0.000088548223
0.128571428571 98.491180000000 0.000089543147
0.130000000000 98.491082000000 0.000090538071
0.131428571429 98.490984000000 0.000091532995
0.132857142857 98.490886000000 0.000092527919
0.134285714286 98.490788000000 0.000093522843
0.135714285714 98.490690000000 0.000094517766
0.137142857143 98.490592000000 0.000095512690
0.138571428571 98.490494000000 0.000096507614
0.140000000000 98.490396000000 0.000097502538
0.141428571429 98.490298000000 0.000098497462
0.142857142857 98.490200000000 0.000099492386
0.144285714286 98.490102000000 0.000100487310
0.145714285714 98.490004000000 0.000101482234
0.147142857143 98.489906000000 0.000102477157
0.148571428571 98.489808000000 0.000103472081
0.150000000000 98.489710000000 0.000104467005
0.151428571429 98.489612000000 0.000105461929
0.152857142857 98.489514000000 0.000106456853
0.154285714286 98.489416000000 0.000107451777
0.155714285714 98.489318000000 0.000108446701
0.157142857143 98.489220000000 0.000109441624
0.158571428571 98.489122000000 0.000110436548
0.160000000000 98.489024000000 0.000111431472
0.161428571429 98.488926000000 0.000112426396
0.162857142857 98.488828000000 0.000113421320
0.164285714286 98.488730000000 0.000114416244
0.165714285714 98.488632000000 0.000115411168
0.167142857143 98.488534000000 0.000116406091
0.168571428571 98.488436000000 0.000117401015
0.170000000000 98.488338000000 0.000118395939
0.171428571429 98.488240000000 0.000119390863
0.172857142857 98.488142000000 0.000120385787
0.174285714286 98.488044000000 0.000121380711
0.175714285714 98.487946000000 0.000122375635
0.177142857143 98.487848000000 0.000123370558
0.178571428571 98.487750000000 0.000124365482
0.180000000000 98.487652000000 0.000125360406
0.181428571429 98.487554000000 0.000126355330
0.182857142857 98.487456000000 0.000127350254
0.184285714286 98.487358000000 0.000128345178
0.185714285714 98.487260000000 0.000129340102
0.187142857143 98.487162000000 0.000130335025
0.188571428571 98.487064000000 0.000131329949
0.190000000000 98.486966000000 0.000132324873
0.191428571429 98.486868000000 0.000133319797
0.192857142857 98.486770000000 0.000134314721
0.194285714286 98.486672000000 0.000135309645
0.195714285714 98.486574000000 0.000136304569
0.197142857143 98.486476000000 0.000137299492
0.198571428571 98.486378000000 0.000138294416
0.200000000000 98.486280000000 0.000139289340
0.201428571429 98.486182000000 0.000140284264
0.202857142857 98.486084000000 0.000141279188
0.204285714286 98.485986000000 0.000142274112
0.205714285714 98.485888000000 0.000143269036
0.207142857143 98.485790000000 0.000144263959
0.208571428571 98.485692000000 0.000145258883
0.210000000000 98.485594000000 0.000146253807
0.211428571429 98.485496000000 0.000147248731
0.212857142857 98.485398000000 0.000148243655
0.214285714286 98.485300000000 0.000149238579
0.215714285714 98.485202000000 0.000150233503
0.217142857143 98.485104000000 0.000151228426
0.218571428571 98.485006000000 0.000152223350
0.220000000000 98.484908000000 0.000153218274
0.221428571429 98.484810000000 0.000154213198
0.222857142857 98.484712000000 0.000155208122
0.224285714286 98.484614000000 0.000156203046
0.225714285714 98.484516000000 0.000157197970
0.227142857143 98.484418000000 0.000158192893
0.228571428571 98.484320000000 0.000159187817
0.230000000000 98.484222000000 0.000160182741
0.231428571429 98.484124000000 0.000161177665
0.232857142857 98.484026000000 0.000162172589
0.234285714286 98.483928000000 0.000163167513
0.235714285714 98.483830000000 0.000164162437
0.237142857143 98.483732000000 0.000165157360
0.238571428571 98.483634000000 0.000166152284
0.240000000000 98.483536000000 0.000167147208
0.241428571429 98.483438000000 0.000168142132
0.242857142857 98.483340000000 0.000169137056
0.244285714286 98.483242000000 0.000170131980
0.245714285714 98.483144000000 0.000171126904
0.247142857143 98.483046000000 0.000172121827
0.248571428571 98.482948000000 0.000173116751
0.250000000000 98.482850000000 0.000174111675
0.251428571429 98.482752000000 0.000175106599
0.252857142857 98.482654000000 0.000176101523
0.254285714286 98.482556000000 0.000177096447
0.255714285714 98.482458000000 0.000178091371
0.257142857143 98.482360000000 0.000179086294
0.258571428571 98.482262000000 0.000180081218
0.260000000000 98.482164000000 0.000181076142
0.261428571429 98.482066000000 0.000182071066
0.262857142857 98.481968000000 0.000183065990
0.264285714286 98.481870000000 0.000184060914
0.265714285714 98.481772000000 0.000185055838
0.267142857143 98.481674000000 0.000186050761
0.268571428571 98.481576000000 0.000187045685
0.270000000000 98.481478000000 0.000188040609
0.271428571429 98.481380000000 0.000189035533
0.272857142857 98.481282000000 0.000190030457
0.274285714286 98.481184000000 0.000191025381
0.275714285714 98.481086000000 0.000192020305
0.277142857143 98.480988000000 0.000193015228
0.278571428571 98.480890000000 0.000194010152
0.280000000000 98.480792000000 0.000195005076
0.281428571429 98.480694000000 0.000196000000
0.282857142857 98.480596000000 0.000196994924
0.284285714286 98.480498000000 0.000197989848
0.285714285714 98.480400000000 0.000198984772
0.287142857143 98.480302000000 0.000199979695
0.288571428571 98.480204000000 0.000200974619
0.290000000000 98.480106000000 0.000201969543
0.291428571429 98.480008000000 0.000202964467
0.292857142857 98.479910000000 0.000203959391
0.294285714286 98.479812000000 0.000204954315
0.295714285714 98.479714000000 0.000205949239
0.297142857143 98.479616000000 0.000206944162
0.298571428571 98.479518000000 0.000207939086
0.300000000000 98.479420000000 0.000208934010
0.301428571429 98.479322000000 0.000209928934
0.302857142857 98.479224000000 0.000210923858
0.304285714286 98.479126000000 0.000211918782
0.305714285714 98.479028000000 0.000212913706
0.307142857143 98.478930000000 0.000213908629
0.308571428571 98.478832000000 0.000214903553
0.310000000000 98.478734000000 0.000215898477
0.311428571429 98.478636000000 0.000216893401
0.312857142857 98.478538000000 0.000217888325
0.314285714286 98.478440000000 0.000218883249
0.315714285714 98.478342000000 0.000219878173
0.317142857143 98.478244000000 0.000220873096
0.318571428571 98.478146000000 0.000221868020
0.320000000000 98.478048000000 0.000222862944
0.321428571429 98.477950000000 0.000223857868
0.322857142857 98.477852000000 0.000224852792
0.324285714286 98.477754000000 0.000225847716
0.325714285714 98.477656000000 0.000226842640
0.327142857143 98.477558000000 0.000227837563
0.328571428571 98.477460000000 0.000228832487
0.330000000000 98.477362000000 0.000229827411
0.331428571429 98.477264000000 0.000230822335
0.332857142857 98.477166000000 0.000231817259
0.334285714286 98.477068000000 0.000232812183
0.335714285714 98.476970000000 0.000233807107
0.337142857143 98.476872000000 0.000234802030
0.338571428571 98.476774000000 0.000235796954
0.340000000000 98.476676000000 0.000236791878
0.341428571429 98.476578000000 0.000237786802
0.342857142857 98.476480000000 0.000238781726
0.344285714286 98.476382000000 0.000239776650
0.345714285714 98.476284000000 0.000240771574
0.347142857143 98.476186000000 0.000241766497
0.348571428571 98.476088000000 0.000242761421
0.350000000000 98.475990000000 0.000243756345
0.351428571429 98.475892000000 0.000244751269
0.352857142857 98.475794000000 0.000245746193
0.354285714286 98.475696000000 0.000246741117
0.355714285714 98.475598000000 0.000247736041
0.357142857143 98.475500000000 0.000248730964
0.358571428571 98.475402000000 0.000249725888
0.360000000000 98.475304000000 0.000250720812
0.361428571429 98.475206000000 0.000251715736
0.362857142857 98.475108000000 0.000252710660
0.364285714286 98.475010000000 0.000253705584
0.365714285714 98.474912000000 0.000254700508
0.367142857143 98.474814000000 0.000255695431
0.368571428571 98.474716000000 0.000256690355
0.370000000000 98.474618000000 0.000257685279
0.371428571429 98.474520000000 0.000258680203
0.372857142857 98.474422000000 0.000259675127
0.374285714286 98.474324000000 0.000260670051
0.375714285714 98.474226000000 0.000261664975
0.377142857143 98.474128000000 0.000262659898
0.378571428571 98.474030000000 0.000263654822
0.380000000000 98.473932000000 0.000264649746
0.381428571429 98.473834000000 0.000265644670
0.382857142857 98.473736000000 0.000266639594
0.384285714286 98.473638000000 0.000267634518
0.385714285714 98.473540000000 0.000268629442
0.387142857143 98.473442000000 0.000269624365
0.388571428571 98.473344000000 0.000270619289
0.390000000000 98.473246000000 0.000271614213
0.391428571429 98.473148000000 0.000272609137
0.392857142857 98.473050000000 0.000273604061
0.394285714286 98.472952000000 0.000274598985
0.395714285714 98.472854000000 0.000275593909
0.397142857143 98.472756000000 0.000276588832
0.398571428571 98.472658000000 0.000277583756
0.400000000000 98.472560000000 0.000278578680
0.401428571429 98.472462000000 0.000279573604
0.402857142857 98.472364000000 0.000280568528
0.404285714286 98.472266000000 0.000281563452
0.405714285714 98.472168000000 0.000282558376
0.407142857143 98.472070000000 0.000283553299
0.408571428571 98.471972000000 0.000284548223
0.410000000000 98.471874000000 0.000285543147
0.411428571429 98.471776000000 0.000286538071
0.412857142857 98.471678000000 0.000287532995
0.414285714286 98.471580000000 0.000288527919
0.415714285714 98.471482000000 0.000289522843
0.417142857143 98.471384000000 0.000290517766
0.418571428571 98.471286000000 0.000291512690
0.420000000000 98.471188000000 0.000292507614
0.421428571429 98.471090000000 0.000293502538
0.422857142857 98.470992000000 0.000294497462
0.424285714286 98.470894000000 0.000295492386
0.425714285714 98.470796000000 0.000296487310
0.427142857143 98.470698000000 0.000297482234
0.428571428571 98.470600000000 0.000298477157
0.430000000000 98.470502000000 0.000299472081
0.431428571429 98.470404000000 0.000300467005
0.432857142857 98.470306000000 0.000301461929
0.434285714286 98.470208000000 0.000302456853
0.435714285714 98.470110000000 0.000303451777
0.437142857143 98.470012000000 0.000304446701
0.438571428571 98.469914000000 0.000305441624
0.440000000000 98.469816000000 0.000306436548
0.441428571429 98.469718000000 0.000307431472
0.442857142857 98.469620000000 0.000308426396
0.444285714286 98.469522000000 0.000309421320
0.445714285714 98.469424000000 0.000310416244
0.447142857143 98.469326000000 0.000311411168
0.448571428571 98.469228000000 0.000312406091
0.450000000000 98.469130000000 0.000313401015
0.451428571429 98.469032000000 0.000314395939
0.452857142857 98.468934000000 0.000315390863
0.454285714286 98.468836000000 0.000316385787
0.455714285714 98.468738000000 0.000317380711
0.457142857143 98.468640000000 0.000318375635
0.458571428571 98.468542000000 0.000319370558
0.460000000000 98.468444000000 0.000320365482
0.461428571429 98.468346000000 0.000321360406
0.462857142857 98.468248000000 0.000322355330
0.464285714286 98.468150000000 0.000323350254
0.465714285714 98.468052000000 0.000324345178
0.467142857143 98.467954000000 0.000325340102
0.468571428571 98.467856000000 0.000326335025
0.470000000000 98.467758000000 0.000327329949
0.471428571429 98.467660000000 0.000328324873
0.472857142857 98.467562000000 0.000329319797
0.474285714286 98.467464000000 0.000330314721
0.475714285714 98.467366000000 0.000331309645
0.477142857143 98.467268000000 0.000332304569
0.478571428571 98.467170000000 0.000333299492
0.480000000000 98.467072000000 0.000334294416
0.481428571429 98.466974000000 0.000335289340
0.482857142857 98.466876000000 0.000336284264
0.484285714286 98.466778000000 0.000337279188
0.485714285714 98.466680000000 0.000338274112
0.487142857143 98.466582000000 0.000339269036
0.488571428571 98.466484000000 0.000340263959
0.490000000000 98.466386000000 0.000341258883
0.491428571429 98.466288000000 0.000342253807
0.492857142857 98.466190000000 0.000343248731
0.494285714286 98.466092000000 0.000344243655
0.495714285714 98.465994000000 0.000345238579
0.497142857143 98.465896000000 0.000346233503
0.498571428571 98.465798000000 0.000347228426
0.500000000000 98.465700000000 0.000348223350
0.501428571429 98.465602000000 0.000349218274
0.502857142857 98.465504000000 0.000350213198
0.504285714286 98.465406000000 0.000351208122
0.505714285714 98.465308000000 0.000352203046
0.507142857143 98.465210000000 0.000353197970
0.508571428571 98.465112000000 0.000354192893
0.510000000000 98.465014000000 0.000355187817
0.511428571429 98.464916000000 0.000356182741
0.512857142857 98.464818000000 0.000357177665
0.514285714286 98.464720000000 0.000358172589
0.515714285714 98.464622000000 0.000359167513
0.517142857143 98.464524000000 0.000360162437
0.518571428571 98.464426000000 0.000361157360
0.520000000000 98.464328000000 0.000362152284
0.521428571429 98.464230000000 0.000363147208
0.522857142857 98.464132000000 0.000364142132
0.524285714286 98.464034000000 0.000365137056
0.525714285714 98.463936000000 0.000366131980
0.527142857143 98.463838000000 0.000367126904
0.528571428571 98.463740000000 0.000368121827
0.530000000000 98.463642000000 0.000369116751
0.531428571429 98.463544000000 0.000370111675
0.532857142857 98.463446000000 0.000371106599
0.534285714286 98.463348000000 0.000372101523
0.535714285714 98.463250000000 0.000373096447
0.537142857143 98.463152000000 0.000374091371
0.538571428571 98.463054000000 0.000375086294
0.540000000000 98.462956000000 0.000376081218
0.541428571429 98.462858000000 0.000377076142
0.542857142857 98.462760000000 0.000378071066
0.544285714286 98.462662000000 0.000379065990
0.545714285714 98.462564000000 0.000380060914
0.547142857143 98.462466000000 0.000381055838
0.548571428571 98.462368000000 0.000382050761
0.550000000000 98.462270000000 0.000383045685
0.551428571429 98.462172000000 0.000384040609
0.552857142857 98.462074000000 0.000385035533
0.554285714286 98.461976000000 0.000386030457
0.555714285714 98.461878000000 0.000387025381
0.557142857143 98.461780000000 0.000388020305
0.558571428571 98.461682000000 0.000389015228
0.560000000000 98.461584000000 0.000390010152
0.561428571429 98.461486000000 0.000391005076
0.562857142857 98.461388000000 0.000392000000
0.564285714286 98.461290000000 0.000392994924
0.565714285714 98.461192000000 0.000393989848
0.567142857143 98.461094000000 0.000394984772
0.568571428571 98.460996000000 0.000395979695
0.570000000000 98.460898000000 0.000396974619
0.571428571429 98.460800000000 0.000397969543
0.572857142857 98.460702000000 0.000398964467
0.574285714286 98.460604000000 0.000399959391
0.575714285714 98.460506000000 0.000400954315
0.577142857143 98.460408000000 0.000401949239
0.578571428571 98.460310000000 0.000402944162
0.580000000000 98.460212000000 0.000403939086
0.581428571429 98.460114000000 0.000404934010
0.582857142857 98.460016000000 0.000405928934
0.584285714286 98.459918000000 0.000406923858
0.585714285714 98.459820000000 0.000407918782
0.587142857143 98.459722000000 0.000408913706
0.588571428571 98.459624000000 0.000409908629
0.590000000000 98.459526000000 0.000410903553
0.591428571429 98.459428000000 0.000411898477
0.592857142857 98.459330000000 0.000412893401
0.594285714286 98.459232000000 0.000413888325
0.595714285714 98.459134000000 0.000414883249
0.597142857143 98.459036000000 0.000415878173
0.598571428571 98.458938000000 0.000416873096
0.600000000000 98.458840000000 0.000417868020
0.601428571429 98.458742000000 0.000418862944
0.602857142857 98.458644000000 0.000419857868
0.604285714286 98.458546000000 0.000420852792
0.605714285714 98.458448000000 0.000421847716
0.607142857143 98.458350000000 0.000422842640
0.608571428571 98.458252000000 0.000423837563
0.610000000000 98.458154000000 0.000424832487
0.611428571429 98.458056000000 0.000425827411
0.612857142857 98.457958000000 0.000426822335
0.614285714286 98.457860000000 0.000427817259
0.615714285714 98.457762000000 0.000428812183
0.617142857143 98.457664000000 0.000429807107
0.618571428571 98.457566000000 0.000430802030
0.620000000000 98.457468000000 0.000431796954
0.621428571429 98.457370000000 0.000432791878
0.622857142857 98.457272000000 0.000433786802
0.624285714286 98.457174000000 0.000434781726
0.625714285714 98.457076000000 0.000435776650
0.627142857143 98.456978000000 0.000436771574
0.628571428571 98.456880000000 0.000437766497
0.630000000000 98.456782000000 0.000438761421
0.631428571429 98.456684000000 0.000439756345
0.632857142857 98.456586000000 0.000440751269
0.634285714286 98.456488000000 0.000441746193
0.635714285714 98.456390000000 0.000442741117
0.637142857143 98.456292000000 0.000443736041
0.638571428571 98.456194000000 0.000444730964
0.640000000000 98.456096000000 0.000445725888
0.641428571429 98.455998000000 0.000446720812
0.642857142857 98.455900000000 0.000447715736
0.644285714286 98.455802000000 0.000448710660
0.645714285714 98.455704000000 0.000449705584
0.647142857143 98.455606000000 0.000450700508
0.648571428571 98.455508000000 0.000451695431
0.650000000000 98.455410000000 0.000452690355
0.651428571429 98.455312000000 0.000453685279
0.652857142857 98.455214000000 0.000454680203
0.654285714286 98.455116000000 0.000455675127
0.655714285714 98.455018000000 0.000456670051
0.657142857143 98.454920000000 0.000457664975
0.658571428571 98.454822000000 0.000458659898
0.660000000000 98.454724000000 0.000459654822
0.661428571429 98.454626000000 0.000460649746
0.662857142857 98.454528000000 0.000461644670
0.664285714286 98.454430000000 0.000462639594
0.665714285714 98.454332000000 0.000463634518
0.667142857143 98.454234000000 0.000464629442
0.668571428571 98.454136000000 0.000465624365
0.670000000000 98.454038000000 0.000466619289
0.671428571429 98.453940000000 0.000467614213
0.672857142857 98.453842000000 0.000468609137
0.674285714286 98.453744000000 0.000469604061
0.675714285714 98.453646000000 0.000470598985
0.677142857143 98.453548000000 0.000471593909
0.678571428571 98.453450000000 0.000472588832
0.680000000000 98.453352000000 0.000473583756
0.681428571429 98.453254000000 0.000474578680
0.682857142857 98.453156000000 0.000475573604
0.684285714286 98.453058000000 0.000476568528
0.685714285714 98.452960000000 0.000477563452
0.687142857143 98.452862000000 0.000478558376
0.688571428571 98.452764000000 0.000479553299
0.690000000000 98.452666000000 0.000480548223
0.691428571429 98.452568000000 0.000481543147
0.692857142857 98.452470000000 0.000482538071
0.694285714286 98.452372000000 0.000483532995
0.695714285714 98.452274000000 0.000484527919
0.697142857143 98.452176000000 0.000485522843
0.698571428571 98.452078000000 0.000486517766
0.700000000000 98.451980000000 0.000487512690
0.701428571429 98.451882000000 0.000488507614
0.702857142857 98.451784000000 0.000489502538
0.704285714286 98.451686000000 0.000490497462
0.705714285714 98.451588000000 0.000491492386
0.707142857143 98.451490000000 0.000492487310
0.708571428571 98.451392000000 0.000493482234
0.710000000000 98.451294000000 0.000494477157
0.711428571429 98.451196000000 0.000495472081
0.712857142857 98.451098000000 0.000496467005
0.714285714286 98.451000000000 0.000497461929
0.715714285714 98.450902000000 0.000498456853
0.717142857143 98.450804000000 0.000499451777
0.718571428571 98.450706000000 0.000500446701
0.720000000000 98.450608000000 0.000501441624
0.721428571429 98.450510000000 0.000502436548
0.722857142857 98.450412000000 0.000503431472
0.724285714286 98.450314000000 0.000504426396
0.725714285714 98.450216000000 0.000505421320
0.727142857143 98.450118000000 0.000506416244
0.728571428571 98.450020000000 0.000507411168
0.730000000000 98.449922000000 0.000508406091
0.731428571429 98.449824000000 0.000509401015
0.732857142857 98.449726000000 0.000510395939
0.734285714286 98.449628000000 0.000511390863
0.735714285714 98.449530000000 0.000512385787
0.737142857143 98.449432000000 0.000513380711
0.738571428571 98.449334000000 0.000514375635
0.740000000000 98.449236000000 0.000515370558
0.741428571429 98.449138000000 0.000516365482
0.742857142857 98.449040000000 0.000517360406
0.744285714286 98.448942000000 0.000518355330
0.745714285714 98.448844000000 0.000519350254
0.747142857143 98.448746000000 0.000520345178
0.748571428571 98.448648000000 0.000521340102
0.750000000000 98.448550000000 0.000522335025
0.751428571429 98.448452000000 0.000523329949
0.752857142857 98.448354000000 0.000524324873
0.754285714286 98.448256000000 0.000525319797
0.755714285714 98.448158000000 0.000526314721
0.757142857143 98.448060000000 0.000527309645
0.758571428571 98.447962000000 0.000528304569
0.760000000000 98.447864000000 0.000529299492
0.761428571429 98.447766000000 0.000530294416
0.762857142857 98.447668000000 0.000531289340
0.764285714286 98.447570000000 0.000532284264
0.765714285714 98.447472000000 0.000533279188
0.767142857143 98.447374000000 0.000534274112
0.768571428571 98.447276000000 0.000535269036
0.770000000000 98.447178000000 0.000536263959
0.771428571429 98.447080000000 0.000537258883
0.772857142857 98.446982000000 0.000538253807
0.774285714286 98.446884000000 0.000539248731
0.775714285714 98.446786000000 0.000540243655
0.777142857143 98.446688000000 0.000541238579
0.778571428571 98.446590000000 0.000542233503
0.780000000000 98.446492000000 0.000543228426
0.781428571429 98.446394000000 0.000544223350
0.782857142857 98.446296000000 0.000545218274
0.784285714286 98.446198000000 0.000546213198
0.785714285714 98.446100000000 0.000547208122
0.787142857143 98.446002000000 0.000548203046
0.788571428571 98.445904000000 0.000549197970
0.790000000000 98.445806000000 0.000550192893
0.791428571429 98.445708000000 0.000551187817
0.792857142857 98.445610000000 0.000552182741
0.794285714286 98.445512000000 0.000553177665
0.795714285714 98.445414000000 0.000554172589
0.797142857143 98.445316000000 0.000555167513
0.798571428571 98.445218000000 0.000556162437
0.800000000000 98.445120000000 0.000557157360
0.801428571429 98.445022000000 0.000558152284
0.802857142857 98.444924000000 0.000559147208
0.804285714286 98.444826000000 0.000560142132
0.805714285714 98.444728000000 0.000561137056
0.807142857143 98.444630000000 0.000562131980
0.808571428571 98.444532000000 0.000563126904
0.810000000000 98.444434000000 0.000564121827
0.811428571429 98.444336000000 0.000565116751
0.812857142857 98.444238000000 0.000566111675
0.814285714286 98.444140000000 0.000567106599
0.815714285714 98.444042000000 0.000568101523
0.817142857143 98.443944000000 0.000569096447
0.818571428571 98.443846000000 0.000570091371
0.820000000000 98.443748000000 0.000571086294
0.821428571429 98.443650000000 0.000572081218
0.822857142857 98.443552000000 0.000573076142
0.824285714286 98.443454000000 0.000574071066
0.825714285714 98.443356000000 0.000575065990
0.827142857143 98.443258000000 0.000576060914
0.828571428571 98.443160000000 0.000577055838
0.830000000000 98.443062000000 0.000578050761
0.831428571429 98.442964000000 0.000579045685
0.832857142857 98.442866000000 0.000580040609
0.834285714286 98.442768000000 0.000581035533
0.835714285714 98.442670000000 0.000582030457
0.837142857143 98.442572000000 0.000583025381
0.838571428571 98.442474000000 0.000584020305
0.840000000000 98.442376000000 0.000585015228
0.841428571429 98.442278000000 0.000586010152
0.842857142857 98.442180000000 0.000587005076
0.844285714286 98.442082000000 0.000588000000
0.845714285714 98.441984000000 0.000588994924
0.847142857143 98.441886000000 0.000589989848
0.848571428571 98.441788000000 0.000590984772
0.850000000000 98.441690000000 0.000591979695
0.851428571429 98.441592000000 0.000592974619
0.852857142857 98.441494000000 0.000593969543
0.854285714286 98.441396000000 0.000594964467
0.855714285714 98.441298000000 0.000595959391
0.857142857143 98.441200000000 0.000596954315
0.858571428571 98.441102000000 0.000597949239
0.860000000000 98.441004000000 0.000598944162
0.861428571429 98.440906000000 0.000599939086
0.862857142857 98.440808000000 0.000600934010
0.864285714286 98.440710000000 0.000601928934
0.865714285714 98.440612000000 0.000602923858
0.867142857143 98.440514000000 0.000603918782
0.868571428571 98.440416000000 0.000604913706
0.870000000000 98.440318000000 0.000605908629
0.871428571429 98.440220000000 0.000606903553
0.872857142857 98.440122000000 0.000607898477
0.874285714286 98.440024000000 0.000608893401
0.875714285714 98.439926000000 0.000609888325
0.877142857143 98.439828000000 0.000610883249
0.878571428571 98.439730000000 0.000611878173
0.880000000000 98.439632000000 0.000612873096
0.881428571429 98.439534000000 0.000613868020
0.882857142857 98.439436000000 0.000614862944
0.884285714286 98.439338000000 0.000615857868
0.885714285714 98.439240000000 0.000616852792
0.887142857143 98.439142000000 0.000617847716
0.888571428571 98.439044000000 0.000618842640
0.890000000000 98.438946000000 0.000619837563
0.891428571429 98.438848000000 0.000620832487
0.892857142857 98.438750000000 0.000621827411
0.894285714286 98.438652000000 0.000622822335
0.895714285714 98.438554000000 0.000623817259
0.897142857143 98.438456000000 0.000624812183
0.898571428571 98.438358000000 0.000625807107
0.900000000000 98.438260000000 0.000626802030
0.901428571429 98.438162000000 0.000627796954
0.902857142857 98.438064000000 0.000628791878
0.904285714286 98.437966000000 0.000629786802
0.905714285714 98.437868000000 0.000630781726
0.907142857143 98.437770000000 0.000631776650
0.908571428571 98.437672000000 0.000632771574
0.910000000000 98.437574000000 0.000633766497
0.911428571429 98.437476000000 0.000634761421
0.912857142857 98.437378000000 0.000635756345
0.914285714286 98.437280000000 0.000636751269
0.915714285714 98.437182000000 0.000637746193
0.917142857143 98.437084000000 0.000638741117
0.918571428571 98.436986000000 0.000639736041
0.920000000000 98.436888000000 0.000640730964
0.921428571429 98.436790000000 0.000641725888
0.922857142857 98.436692000000 0.000642720812
0.924285714286 98.436594000000 0.000643715736
0.925714285714 98.436496000000 0.000644710660
0.927142857143 98.436398000000 0.000645705584
0.928571428571 98.436300000000 0.000646700508
0.930000000000 98.436202000000 0.000647695431
0.931428571429 98.436104000000 0.000648690355
0.932857142857 98.436006000000 0.000649685279
0.934285714286 98.435908000000 0.000650680203
0.935714285714 98.435810000000 0.000651675127
0.937142857143 98.435712000000 0.000652670051
0.938571428571 98.435614000000 0.000653664975
0.940000000000 98.435516000000 0.000654659898
0.941428571429 98.435418000000 0.000655654822
0.942857142857 98.435320000000 0.000656649746
0.944285714286 98.435222000000 0.000657644670
0.945714285714 98.435124000000 0.000658639594
0.947142857143 98.435026000000 0.000659634518
0.948571428571 98.434928000000 0.000660629442
0.950000000000 98.434830000000 0.000661624365
0.951428571429 98.434732000000 0.000662619289
0.952857142857 98.434634000000 0.000663614213
0.954285714286 98.434536000000 0.000664609137
0.955714285714 98.434438000000 0.000665604061
0.957142857143 98.434340000000 0.000666598985
0.958571428571 98.434242000000 0.000667593909
0.960000000000 98.434144000000 0.000668588832
0.961428571429 98.434046000000 0.000669583756
0.962857142857 98.433948000000 0.000670578680
0.964285714286 98.433850000000 0.000671573604
0.965714285714 98.433752000000 0.000672568528
0.967142857143 98.433654000000 0.000673563452
0.968571428571 98.433556000000 0.000674558376
0.970000000000 98.433458000000 0.000675553299
0.971428571429 98.433360000000 0.000676548223
0.972857142857 98.433262000000 0.000677543147
0.974285714286 98.433164000000 0.000678538071
0.975714285714 98.433066000000 0.000679532995
0.977142857143 98.432968000000 0.000680527919
0.978571428571 98.432870000000 0.000681522843
0.980000000000 98.432772000000 0.000682517767
0.981428571429 98.432674000000 0.000683512690
0.982857142857 98.432576000000 0.000684507614
0.984285714286 98.432478000000 0.000685502538
0.985714285714 98.432380000000 0.000686497462
0.987142857143 98.432282000000 0.000687492386
0.988571428571 98.432184000000 0.000688487310
0.990000000000 98.432086000000 0.000689482234
0.991428571429 98.431988000000 0.000690477157
0.992857142857 98.431890000000 0.000691472081
0.994285714286 98.431792000000 0.000692467005
0.995714285714 98.431694000000 0.000693461929
0.997142857143 98.431596000000 0.000694456853
0.998571428571 98.431498000000 0.000695451777
1.000000000000 98.431400000000 0.000696446701
1.001428571429 98.431302000000 0.000697441624
1.002857142857 98.431204000000 0.000698436548
1.004285714286 98.431106000000 0.000699431472
1.005714285714 98.431008000000 0.000700426396
1.007142857143 98.430910000000 0.000701421320
1.008571428571 98.430812000000 0.000702416244
1.010000000000 98.430714000000 0.000703411168
1.011428571429 98.430616000000 0.000704406091
1.012857142857 98.430518000000 0.000705401015
1.014285714286 98.430420000000 0.000706395939
1.015714285714 98.430322000000 0.000707390863
1.017142857143 98.430223999999 0.000708385787
1.018571428571 98.430125999999 0.000709380711
1.020000000000 98.430027999999 0.000710375635
1.021428571429 98.429929999999 0.000711370558
1.022857142857 98.429831999999 0.000712365482
1.024285714286 98.429733999999 0.000713360406
1.025714285714 98.429635999999 0.000714355330
1.027142857143 98.429537999999 0.000715350254
1.028571428571 98.429439999999 0.000716345178
1.030000000000 98.429341999999 0.000717340102
1.031428571429 98.429243999999 0.000718335025
1.032857142857 98.429145999999 0.000719329949
1.034285714286 98.429047999999 0.000720324873
1.035714285714 98.428949999999 0.000721319797
1.037142857143 98.428851999999 0.000722314721
1.038571428571 98.428753999999 0.000723309645
1.040000000000 98.428655999999 0.000724304569
1.041428571429 98.428557999999 0.000725299492
1.042857142857 98.428459999999 0.000726294416
1.044285714286 98.428361999999 0.000727289340
1.045714285714 98.428263999999 0.000728284264
1.047142857143 98.428165999999 0.000729279188
1.048571428571 98.428067999999 0.000730274112
1.050000000000 98.427969999999 0.000731269036
1.051428571429 98.427871999999 0.000732263959
1.052857142857 98.427773999999 0.000733258883
1.054285714286 98.427675999999 0.000734253807
1.055714285714 98.427577999999 0.000735248731
1.057142857143 98.427479999999 0.000736243655
1.058571428571 98.427381999999 0.000737238579
1.060000000000 98.427283999999 0.000738233503
1.061428571429 98.427185999999 0.000739228426
1.062857142857 98.427087999999 0.000740223350
1.064285714286 98.426989999999 0.000741218274
1.065714285714 98.426891999999 0.000742213198
1.067142857143 98.426793999999 0.000743208122
1.068571428571 98.426695999999 0.000744203046
1.070000000000 98.426597999999 0.000745197970
1.071428571429 98.426499999999 0.000746192893
1.072857142857 98.426401999999 0.000747187817
1.074285714286 98.426303999999 0.000748182741
1.075714285714 98.426205999999 0.000749177665
1.077142857143 98.426107999999 0.000750172589
1.078571428571 98.426009999999 0.000751167513
1.080000000000 98.425911999999 0.000752162437
1.081428571429 98.425813999999 0.000753157360
1.082857142857 98.425715999999 0.000754152284
1.084285714286 98.425617999999 0.000755147208
1.085714285714 98.425519999999 0.000756142132
1.087142857143 98.425421999999 0.000757137056
1.088571428571 98.425323999999 0.000758131980
1.090000000000 98.425225999999 0.000759126904
1.091428571429 98.425127999999 0.000760121827
1.092857142857 98.425029999999 0.000761116751
1.094285714286 98.424931999999 0.000762111675
1.095714285714 98.424833999999 0.000763106599
1.097142857143 98.424735999999 0.000764101523
1.098571428571 98.424637999999 0.000765096447
1.100000000000 98.424539999999 0.000766091371
1.101428571429 98.424441999999 0.000767086294
1.102857142857 98.424343999999 0.000768081218
1.104285714286 98.424245999999 0.000769076142
1.105714285714 98.424147999999 0.000770071066
1.107142857143 98.424049999999 0.000771065990
1.108571428571 98.423951999999 0.000772060914
1.110000000000 98.423853999999 0.000773055838
1.111428571429 98.423755999999 0.000774050761
1.112857142857 98.423657999999 0.000775045685
1.114285714286 98.423559999999 0.000776040609
1.115714285714 98.423461999999 0.000777035533
1.117142857143 98.423363999999 0.000778030457
1.118571428571 98.423265999999 0.000779025381
1.120000000000 98.423167999999 0.000780020305
1.121428571429 98.423069999999 0.000781015228
1.122857142857 98.422971999999 0.000782010152
1.124285714286 98.422873999999 0.000783005076
1.125714285714 98.422775999999 0.000784000000
1.127142857143 98.422677999999 0.000784994924
1.128571428571 98.422579999999 0.000785989848
1.130000000000 98.422481999999 0.000786984772
1.131428571429 98.422383999999 0.000787979695
1.132857142857 98.422285999999 0.000788974619
1.134285714286 98.422187999999 0.000789969543
1.135714285714 98.422089999999 0.000790964467
1.137142857143 98.421991999999 0.000791959391
1.138571428571 98.421893999999 0.000792954315
1.140000000000 98.421795999999 0.000793949239
1.141428571429 98.421697999999 0.000794944162
1.142857142857 98.421599999999 0.000795939086
1.144285714286 98.421501999999 0.000796934010
1.145714285714 98.421403999999 0.000797928934
1.147142857143 98.421305999999 0.000798923858
1.148571428571 98.421207999999 0.000799918782
1.150000000000 98.421109999999 0.000800913706
1.151428571429 98.421011999999 0.000801908629
1.152857142857 98.420913999999 0.000802903553
1.154285714286 98.420815999999 0.000803898477
1.155714285714 98.420717999999 0.000804893401
1.157142857143 98.420619999999 0.000805888325
1.158571428571 98.420521999999 0.000806883249
1.160000000000 98.420423999999 0.000807878173
1.161428571429 98.420325999999 0.000808873096
1.162857142857 98.420227999999 0.000809868020
1.164285714286 98.420129999999 0.000810862944
1.165714285714 98.420031999999 0.000811857868
1.167142857143 98.419933999999 0.000812852792
1.168571428571 98.419835999999 0.000813847716
1.170000000000 98.419737999999 0.000814842640
1.171428571429 98.419639999999 0.000815837563
1.172857142857 98.419541999999 0.000816832487
1.174285714286 98.419443999999 0.000817827411
1.175714285714 98.419345999999 0.000818822335
1.177142857143 98.419247999999 0.000819817259
1.178571428571 98.419149999999 0.000820812183
1.180000000000 98.419051999999 0.000821807107
1.181428571429 98.418953999999 0.000822802030
1.182857142857 98.418855999999 0.000823796954
1.184285714286 98.418757999999 0.000824791878
1.185714285714 98.418659999999 0.000825786802
1.187142857143 98.418561999999 0.000826781726
1.188571428571 98.418463999999 0.000827776650
1.190000000000 98.418365999999 0.000828771574
1.191428571429 98.418267999999 0.000829766497
1.192857142857 98.418169999999 0.000830761421
1.194285714286 98.418071999999 0.000831756345
1.195714285714 98.417973999999 0.000832751269
1.197142857143 98.417875999999 0.000833746193
1.198571428571 98.417777999999 0.000834741117
1.200000000000 98.417679999999 0.000835736041
1.201428571429 98.417581999999 0.000836730964
1.202857142857 98.417483999999 0.000837725888
1.204285714286 98.417385999999 0.000838720812
1.205714285714 98.417287999999 0.000839715736
1.207142857143 98.417189999999 0.000840710660
1.208571428571 98.417091999999 0.000841705584
1.210000000000 98.416993999999 0.000842700508
1.211428571429 98.416895999999 0.000843695431
1.212857142857 98.416797999999 0.000844690355
1.214285714286 98.416699999998 0.000845685279
1.215714285714 98.416601999999 0.000846680203
1.217142857143 98.416503999998 0.000847675127
1.218571428571 98.416405999998 0.000848670051
1.220000000000 98.416307999998 0.000849664975
1.221428571429 98.416209999998 0.000850659898
1.222857142857 98.416111999998 0.000851654822
1.224285714286 98.416013999998 0.000852649746
1.225714285714 98.415915999998 0.000853644670
1.227142857143 98.415817999998 0.000854639594
1.228571428571 98.415719999998 0.000855634518
1.230000000000 98.415621999998 0.000856629442
1.231428571429 98.415523999998 0.000857624365
1.232857142857 98.415425999998 0.000858619289
1.234285714286 98.415327999998 0.000859614213
1.235714285714 98.415229999998 0.000860609137
1.237142857143 98.415131999998 0.000861604061
1.238571428571 98.415033999998 0.000862598985
1.240000000000 98.414935999998 0.000863593909
1.241428571429 98.414837999998 0.000864588833
1.242857142857 98.414739999998 0.000865583756
1.244285714286 98.414641999998 0.000866578680
1.245714285714 98.414543999998 0.000867573604
1.247142857143 98.414445999998 0.000868568528
1.248571428571 98.414347999998 0.000869563452
1.250000000000 98.414249999998 0.000870558376
1.251428571429 98.414151999998 0.000871553300
1.252857142857 98.414053999998 0.000872548223
1.254285714286 98.413955999998 0.000873543147
1.255714285714 98.413857999998 0.000874538071
1.257142857143 98.413759999998 0.000875532995
1.258571428571 98.413661999998 0.000876527919
1.260000000000 98.413563999998 0.000877522843
1.261428571429 98.413465999998 0.000878517767
1.262857142857 98.413367999998 0.000879512690
1.264285714286 98.413269999998 0.000880507614
1.265714285714 98.413171999998 0.000881502538
1.267142857143 98.413073999998 0.000882497462
1.268571428571 98.412975999998 0.000883492386
1.270000000000 98.412877999998 0.000884487310
1.271428571429 98.412779999998 0.000885482234
1.272857142857 98.412681999998 0.000886477157
1.274285714286 98.412583999998 0.000887472081
1.275714285714 98.412485999998 0.000888467005
1.277142857143 98.412387999998 0.000889461929
1.278571428571 98.412289999998 0.000890456853
1.280000000000 98.412191999998 0.000891451777
1.281428571429 98.412093999998 0.000892446701
1.282857142857 98.411995999998 0.000893441624
1.284285714286 98.411897999998 0.000894436548
1.285714285714 98.411799999998 0.000895431472
1.287142857143 98.411701999998 0.000896426396
1.288571428571 98.411603999998 0.000897421320
1.290000000000 98.411505999998 0.000898416244
1.291428571429 98.411407999998 0.000899411168
1.292857142857 98.411309999998 0.000900406091
1.294285714286 98.411211999998 0.000901401015
1.295714285714 98.411113999998 0.000902395939
1.297142857143 98.411015999998 0.000903390863
1.298571428571 98.410917999998 0.000904385787
1.300000000000 98.410819999998 0.000905380711
1.301428571429 98.410721999998 0.000906375635
1.302857142857 98.410623999998 0.000907370558
1.304285714286 98.410525999998 0.000908365482
1.305714285714 98.410427999998 0.000909360406
1.307142857143 98.410329999998 0.000910355330
1.308571428571 98.410231999998 0.000911350254
1.310000000000 98.410133999998 0.000912345178
1.311428571429 98.410035999998 0.000913340102
1.312857142857 98.409937999998 0.000914335025
1.314285714286 98.409839999998 0.000915329949
1.315714285714 98.409741999998 0.000916324873
1.317142857143 98.409643999998 0.000917319797
1.318571428571 98.409545999998 0.000918314721
1.320000000000 98.409447999998 0.000919309645
1.321428571429 98.409349999998 0.000920304569
1.322857142857 98.409251999998 0.000921299492
1.324285714286 98.409153999998 0.000922294416
1.325714285714 98.409055999998 0.000923289340
1.327142857143 98.408957999998 0.000924284264
1.328571428571 98.408859999998 0.000925279188
1.330000000000 98.408761999998 0.000926274112
1.331428571429 98.408663999998 0.000927269036
1.332857142857 98.408565999998 0.000928263959
1.334285714286 98.408467999998 0.000929258883
1.335714285714 98.408369999998 0.000930253807
1.337142857143 98.408271999998 0.000931248731
1.338571428571 98.408173999998 0.000932243655
1.340000000000 98.408075999998 0.000933238579
1.341428571429 98.407977999998 0.000934233503
1.342857142857 98.407879999998 0.000935228426
1.344285714286 98.407781999998 0.000936223350
1.345714285714 98.407683999998 0.000937218274
1.347142857143 98.407585999998 0.000938213198
1.348571428571 98.407487999998 0.000939208122
1.350000000000 98.407389999998 0.000940203046
1.351428571429 98.407291999998 0.000941197970
1.352857142857 98.407193999998 0.000942192893
1.354285714286 98.407095999998 0.000943187817
1.355714285714 98.406997999998 0.000944182741
1.357142857143 98.406899999998 0.000945177665
1.358571428571 98.406801999998 0.000946172589
1.360000000000 98.406703999998 0.000947167513
1.361428571429 98.406605999998 0.000948162437
1.362857142857 98.406507999998 0.000949157360
1.364285714286 98.406409999998 0.000950152284
1.365714285714 98.406311999998 0.000951147208
1.367142857143 98.406213999998 0.000952142132
1.368571428571 98.406115999998 0.000953137056
1.370000000000 98.406017999998 0.000954131980
1.371428571429 98.405919999998 0.000955126904
1.372857142857 98.405821999998 0.000956121827
1.374285714286 98.405723999998 0.000957116751
1.375714285714 98.405625999998 0.000958111675
1.377142857143 98.405527999998 0.000959106599
1.378571428571 98.405429999998 0.000960101523
1.380000000000 98.405331999998 0.000961096447
1.381428571429 98.405233999998 0.000962091371
1.382857142857 98.405135999998 0.000963086294
1.384285714286 98.405037999998 0.000964081218
1.385714285714 98.404939999998 0.000965076142
1.387142857143 98.404841999998 0.000966071066
1.388571428571 98.404743999997 0.000967065990
1.390000000000 98.404645999997 0.000968060914
1.391428571429 98.404547999997 0.000969055838
1.392857142857 98.404449999997 0.000970050761
1.394285714286 98.404351999997 0.000971045685
1.395714285714 98.404253999997 0.000972040609
1.397142857143 98.404155999997 0.000973035533
1.398571428571 98.404057999997 0.000974030457
1.400000000000 98.403959999997 0.000975025381
1.401428571429 98.403861999997 0.000976020305
1.402857142857 98.403763999997 0.000977015228
1.404285714286 98.403665999997 0.000978010152
1.405714285714 98.403567999997 0.000979005076
1.407142857143 98.403469999997 0.000980000000
1.408571428571 98.403371999997 0.000980994924
1.410000000000 98.403273999997 0.000981989848
1.411428571429 98.403175999997 0.000982984772
1.412857142857 98.403077999997 0.000983979695
1.414285714286 98.402979999997 0.000984974619
1.415714285714 98.402881999997 0.000985969543
1.417142857143 98.402783999997 0.000986964467
1.418571428571 98.402685999997 0.000987959391
1.420000000000 98.402587999997 0.000988954315
1.421428571429 98.402489999997 0.000989949239
1.422857142857 98.402391999997 0.000990944162
1.424285714286 98.402293999997 0.000991939086
1.425714285714 98.402195999997 0.000992934010
1.427142857143 98.402097999997 0.000993928934
