0.000000	0.000000	10.000000	0.000000	98.500000
0.001429	0.001429	9.999980	-0.014000	98.499902
0.002857	0.002857	9.999940	-0.028000	98.499804
0.004286	0.004286	9.999880	-0.042000	98.499706
0.005714	0.005714	9.999800	-0.056000	98.499608
0.007143	0.007143	9.999700	-0.070000	98.499510
0.008571	0.008571	9.999580	-0.084000	98.499412
0.010000	0.010000	9.999440	-0.098000	98.499314
0.011429	0.011429	9.999280	-0.112000	98.499216
0.012857	0.012857	9.999100	-0.126000	98.499118
0.014286	0.014286	9.998900	-0.140000	98.499020
0.015714	0.015714	9.998680	-0.154000	98.498922
0.017143	0.017143	9.998440	-0.168000	98.498824
0.018571	0.018571	9.998180	-0.182000	98.498726
0.020000	0.020000	9.997900	-0.196000	98.498628
0.021429	0.021429	9.997600	-0.210000	98.498530
0.022857	0.022857	9.997280	-0.224000	98.498432
0.024286	0.024286	9.996940	-0.238000	98.498334
0.025714	0.025714	9.996580	-0.252000	98.498236
0.027143	0.027143	9.996200	-0.266000	98.498138
0.028571	0.028571	9.995800	-0.280000	98.498040
0.030000	0.030000	9.995380	-0.294000	98.497942
0.031429	0.031429	9.994940	-0.308000	98.497844
0.032857	0.032857	9.994480	-0.322000	98.497746
0.034286	0.034286	9.994000	-0.336000	98.497648
0.035714	0.035714	9.993500	-0.350000	98.497550
0.037143	0.037143	9.992980	-0.364000	98.497452
0.038571	0.038571	9.992440	-0.378000	98.497354
0.040000	0.040000	9.991880	-0.392000	98.497256
0.041429	0.041429	9.991300	-0.406000	98.497158
0.042857	0.042857	9.990700	-0.420000	98.497060
0.044286	0.044286	9.990080	-0.434000	98.496962
0.045714	0.045714	9.989440	-0.448000	98.496864
0.047143	0.047143	9.988780	-0.462000	98.496766
0.048571	0.048571	9.988100	-0.476000	98.496668
0.050000	0.050000	9.987400	-0.490000	98.496570
0.051429	0.051429	9.986680	-0.504000	98.496472
0.052857	0.052857	9.985940	-0.518000	98.496374
0.054286	0.054286	9.985180	-0.532000	98.496276
0.055714	0.055714	9.984400	-0.546000	98.496178
0.057143	0.057143	9.983600	-0.560000	98.496080
0.058571	0.058571	9.982780	-0.574000	98.495982
0.060000	0.060000	9.981940	-0.588000	98.495884
0.061429	0.061429	9.981080	-0.602000	98.495786
0.062857	0.062857	9.980200	-0.616000	98.495688
0.064286	0.064286	9.979300	-0.630000	98.495590
0.065714	0.065714	9.978380	-0.644000	98.495492
0.067143	0.067143	9.977440	-0.658000	98.495394
0.068571	0.068571	9.976480	-0.672000	98.495296
0.070000	0.070000	9.975500	-0.686000	98.495198
0.071429	0.071429	9.974500	-0.700000	98.495100
0.072857	0.072857	9.973480	-0.714000	98.495002
0.074286	0.074286	9.972440	-0.728000	98.494904
0.075714	0.075714	9.971380	-0.742000	98.494806
0.077143	0.077143	9.970300	-0.756000	98.494708
0.078571	0.078571	9.969200	-0.770000	98.494610
0.080000	0.080000	9.968080	-0.784000	98.494512
0.081429	0.081429	9.966940	-0.798000	98.494414
0.082857	0.082857	9.965780	-0.812000	98.494316
0.084286	0.084286	9.964600	-0.826000	98.494218
0.085714	0.085714	9.963400	-0.840000	98.494120
0.087143	0.087143	9.962180	-0.854000	98.494022
0.088571	0.088571	9.960940	-0.868000	98.493924
0.090000	0.090000	9.959680	-0.882000	98.493826
0.091429	0.091429	9.958400	-0.896000	98.493728
0.092857	0.092857	9.957100	-0.910000	98.493630
0.094286	0.094286	9.955780	-0.924000	98.493532
0.095714	0.095714	9.954440	-0.938000	98.493434
0.097143	0.097143	9.953080	-0.952000	98.493336
0.098571	0.098571	9.951700	-0.966000	98.493238
0.100000	0.100000	9.950300	-0.980000	98.493140
0.101429	0.101429	9.948880	-0.994000	98.493042
0.102857	0.102857	9.947440	-1.008000	98.492944
0.104286	0.104286	9.945980	-1.022000	98.492846
0.105714	0.105714	9.944500	-1.036000	98.492748
0.107143	0.107143	9.943000	-1.050000	98.492650
0.108571	0.108571	9.941480	-1.064000	98.492552
0.110000	0.110000	9.939940	-1.078000	98.492454
0.111429	0.111429	9.938380	-1.092000	98.492356
0.112857	0.112857	9.936800	-1.106000	98.492258
0.114286	0.114286	9.935200	-1.120000	98.492160
0.115714	0.115714	9.933580	-1.134000	98.492062
0.117143	0.117143	9.931940	-1.148000	98.491964
0.118571	0.118571	9.930280	-1.162000	98.491866
0.120000	0.120000	9.928600	-1.176000	98.491768
0.121429	0.121429	9.926900	-1.190000	98.491670
0.122857	0.122857	9.925180	-1.204000	98.491572
0.124286	0.124286	9.923440	-1.218000	98.491474
0.125714	0.125714	9.921680	-1.232000	98.491376
0.127143	0.127143	9.919900	-1.246000	98.491278
0.128571	0.128571	9.918100	-1.260000	98.491180
0.130000	0.130000	9.916280	-1.274000	98.491082
0.131429	0.131429	9.914440	-1.288000	98.490984
0.132857	0.132857	9.912580	-1.302000	98.490886
0.134286	0.134286	9.910700	-1.316000	98.490788
0.135714	0.135714	9.908800	-1.330000	98.490690
0.137143	0.137143	9.906880	-1.344000	98.490592
0.138571	0.138571	9.904940	-1.358000	98.490494
0.140000	0.140000	9.902980	-1.372000	98.490396
0.141429	0.141429	9.901000	-1.386000	98.490298
0.142857	0.142857	9.899000	-1.400000	98.490200
0.144286	0.144286	9.896980	-1.414000	98.490102
0.145714	0.145714	9.894940	-1.428000	98.490004
0.147143	0.147143	9.892880	-1.442000	98.489906
0.148571	0.148571	9.890800	-1.456000	98.489808
0.150000	0.150000	9.888700	-1.470000	98.489710
0.151429	0.151429	9.886580	-1.484000	98.489612
0.152857	0.152857	9.884440	-1.498000	98.489514
0.154286	0.154286	9.882280	-1.512000	98.489416
0.155714	0.155714	9.880100	-1.526000	98.489318
0.157143	0.157143	9.877900	-1.540000	98.489220
0.158571	0.158571	9.875680	-1.554000	98.489122
0.160000	0.160000	9.873440	-1.568000	98.489024
0.161429	0.161429	9.871180	-1.582000	98.488926
0.162857	0.162857	9.868900	-1.596000	98.488828
0.164286	0.164286	9.866600	-1.610000	98.488730
0.165714	0.165714	9.864280	-1.624000	98.488632
0.167143	0.167143	9.861940	-1.638000	98.488534
0.168571	0.168571	9.859580	-1.652000	98.488436
0.170000	0.170000	9.857200	-1.666000	98.488338
0.171429	0.171429	9.854800	-1.680000	98.488240
0.172857	0.172857	9.852380	-1.694000	98.488142
0.174286	0.174286	9.849940	-1.708000	98.488044
0.175714	0.175714	9.847480	-1.722000	98.487946
0.177143	0.177143	9.845000	-1.736000	98.487848
0.178571	0.178571	9.842500	-1.750000	98.487750
0.180000	0.180000	9.839980	-1.764000	98.487652
0.181429	0.181429	9.837440	-1.778000	98.487554
0.182857	0.182857	9.834880	-1.792000	98.487456
0.184286	0.184286	9.832300	-1.806000	98.487358
0.185714	0.185714	9.829700	-1.820000	98.487260
0.187143	0.187143	9.827080	-1.834000	98.487162
0.188571	0.188571	9.824440	-1.848000	98.487064
0.190000	0.190000	9.821780	-1.862000	98.486966
0.191429	0.191429	9.819100	-1.876000	98.486868
0.192857	0.192857	9.816400	-1.890000	98.486770
0.194286	0.194286	9.813680	-1.904000	98.486672
0.195714	0.195714	9.810940	-1.918000	98.486574
0.197143	0.197143	9.808180	-1.932000	98.486476
0.198571	0.198571	9.805400	-1.946000	98.486378
0.200000	0.200000	9.802600	-1.960000	98.486280
0.201429	0.201429	9.799780	-1.974000	98.486182
0.202857	0.202857	9.796940	-1.988000	98.486084
0.204286	0.204286	9.794080	-2.002000	98.485986
0.205714	0.205714	9.791200	-2.016000	98.485888
0.207143	0.207143	9.788300	-2.030000	98.485790
0.208571	0.208571	9.785380	-2.044000	98.485692
0.210000	0.210000	9.782440	-2.058000	98.485594
0.211429	0.211429	9.779480	-2.072000	98.485496
0.212857	0.212857	9.776500	-2.086000	98.485398
0.214286	0.214286	9.773500	-2.100000	98.485300
0.215714	0.215714	9.770480	-2.114000	98.485202
0.217143	0.217143	9.767440	-2.128000	98.485104
0.218571	0.218571	9.764380	-2.142000	98.485006
0.220000	0.220000	9.761300	-2.156000	98.484908
0.221429	0.221429	9.758200	-2.170000	98.484810
0.222857	0.222857	9.755080	-2.184000	98.484712
0.224286	0.224286	9.751940	-2.198000	98.484614
0.225714	0.225714	9.748780	-2.212000	98.484516
0.227143	0.227143	9.745600	-2.226000	98.484418
0.228571	0.228571	9.742400	-2.240000	98.484320
0.230000	0.230000	9.739180	-2.254000	98.484222
0.231429	0.231429	9.735940	-2.268000	98.484124
0.232857	0.232857	9.732680	-2.282000	98.484026
0.234286	0.234286	9.729400	-2.296000	98.483928
0.235714	0.235714	9.726100	-2.310000	98.483830
0.237143	0.237143	9.722780	-2.324000	98.483732
0.238571	0.238571	9.719440	-2.338000	98.483634
0.240000	0.240000	9.716080	-2.352000	98.483536
0.241429	0.241429	9.712700	-2.366000	98.483438
0.242857	0.242857	9.709300	-2.380000	98.483340
0.244286	0.244286	9.705880	-2.394000	98.483242
0.245714	0.245714	9.702440	-2.408000	98.483144
0.247143	0.247143	9.698980	-2.422000	98.483046
0.248571	0.248571	9.695500	-2.436000	98.482948
0.250000	0.250000	9.692000	-2.450000	98.482850
0.251429	0.251429	9.688480	-2.464000	98.482752
0.252857	0.252857	9.684940	-2.478000	98.482654
0.254286	0.254286	9.681380	-2.492000	98.482556
0.255714	0.255714	9.677800	-2.506000	98.482458
0.257143	0.257143	9.674200	-2.520000	98.482360
0.258571	0.258571	9.670580	-2.534000	98.482262
0.260000	0.260000	9.666940	-2.548000	98.482164
0.261429	0.261429	9.663280	-2.562000	98.482066
0.262857	0.262857	9.659600	-2.576000	98.481968
0.264286	0.264286	9.655900	-2.590000	98.481870
0.265714	0.265714	9.652180	-2.604000	98.481772
0.267143	0.267143	9.648440	-2.618000	98.481674
0.268571	0.268571	9.644680	-2.632000	98.481576
0.270000	0.270000	9.640900	-2.646000	98.481478
0.271429	0.271429	9.637100	-2.660000	98.481380
0.272857	0.272857	9.633280	-2.674000	98.481282
0.274286	0.274286	9.629440	-2.688000	98.481184
0.275714	0.275714	9.625580	-2.702000	98.481086
0.277143	0.277143	9.621700	-2.716000	98.480988
0.278571	0.278571	9.617800	-2.730000	98.480890
0.280000	0.280000	9.613880	-2.744000	98.480792
0.281429	0.281429	9.609940	-2.758000	98.480694
0.282857	0.282857	9.605980	-2.772000	98.480596
0.284286	0.284286	9.602000	-2.786000	98.480498
0.285714	0.285714	9.598000	-2.800000	98.480400
0.287143	0.287143	9.593980	-2.814000	98.480302
0.288571	0.288571	9.589940	-2.828000	98.480204
0.290000	0.290000	9.585880	-2.842000	98.480106
0.291429	0.291429	9.581800	-2.856000	98.480008
0.292857	0.292857	9.577700	-2.870000	98.479910
0.294286	0.294286	9.573580	-2.884000	98.479812
0.295714	0.295714	9.569440	-2.898000	98.479714
0.297143	0.297143	9.565280	-2.912000	98.479616
0.298571	0.298571	9.561100	-2.926000	98.479518
0.300000	0.300000	9.556900	-2.940000	98.479420
0.301429	0.301429	9.552680	-2.954000	98.479322
0.302857	0.302857	9.548440	-2.968000	98.479224
0.304286	0.304286	9.544180	-2.982000	98.479126
0.305714	0.305714	9.539900	-2.996000	98.479028
0.307143	0.307143	9.535600	-3.010000	98.478930
0.308571	0.308571	9.531280	-3.024000	98.478832
0.310000	0.310000	9.526940	-3.038000	98.478734
0.311429	0.311429	9.522580	-3.052000	98.478636
0.312857	0.312857	9.518200	-3.066000	98.478538
0.314286	0.314286	9.513800	-3.080000	98.478440
0.315714	0.315714	9.509380	-3.094000	98.478342
0.317143	0.317143	9.504940	-3.108000	98.478244
0.318571	0.318571	9.500480	-3.122000	98.478146
0.320000	0.320000	9.496000	-3.136000	98.478048
0.321429	0.321429	9.491500	-3.150000	98.477950
0.322857	0.322857	9.486980	-3.164000	98.477852
0.324286	0.324286	9.482440	-3.178000	98.477754
0.325714	0.325714	9.477880	-3.192000	98.477656
0.327143	0.327143	9.473300	-3.206000	98.477558
0.328571	0.328571	9.468700	-3.220000	98.477460
0.330000	0.330000	9.464080	-3.234000	98.477362
0.331429	0.331429	9.459440	-3.248000	98.477264
0.332857	0.332857	9.454780	-3.262000	98.477166
0.334286	0.334286	9.450100	-3.276000	98.477068
0.335714	0.335714	9.445400	-3.290000	98.476970
0.337143	0.337143	9.440680	-3.304000	98.476872
0.338571	0.338571	9.435940	-3.318000	98.476774
0.340000	0.340000	9.431180	-3.332000	98.476676
0.341429	0.341429	9.426400	-3.346000	98.476578
0.342857	0.342857	9.421600	-3.360000	98.476480
0.344286	0.344286	9.416780	-3.374000	98.476382
0.345714	0.345714	9.411940	-3.388000	98.476284
0.347143	0.347143	9.407080	-3.402000	98.476186
0.348571	0.348571	9.402200	-3.416000	98.476088
0.350000	0.350000	9.397300	-3.430000	98.475990
0.351429	0.351429	9.392380	-3.444000	98.475892
0.352857	0.352857	9.387440	-3.458000	98.475794
0.354286	0.354286	9.382480	-3.472000	98.475696
0.355714	0.355714	9.377500	-3.486000	98.475598
0.357143	0.357143	9.372500	-3.500000	98.475500
0.358571	0.358571	9.367480	-3.514000	98.475402
0.360000	0.360000	9.362440	-3.528000	98.475304
0.361429	0.361429	9.357380	-3.542000	98.475206
0.362857	0.362857	9.352300	-3.556000	98.475108
0.364286	0.364286	9.347200	-3.570000	98.475010
0.365714	0.365714	9.342080	-3.584000	98.474912
0.367143	0.367143	9.336940	-3.598000	98.474814
0.368571	0.368571	9.331780	-3.612000	98.474716
0.370000	0.370000	9.326600	-3.626000	98.474618
0.371429	0.371429	9.321400	-3.640000	98.474520
0.372857	0.372857	9.316180	-3.654000	98.474422
0.374286	0.374286	9.310940	-3.668000	98.474324
0.375714	0.375714	9.305680	-3.682000	98.474226
0.377143	0.377143	9.300400	-3.696000	98.474128
0.378571	0.378571	9.295100	-3.710000	98.474030
0.380000	0.380000	9.289780	-3.724000	98.473932
0.381429	0.381429	9.284440	-3.738000	98.473834
0.382857	0.382857	9.279080	-3.752000	98.473736
0.384286	0.384286	9.273700	-3.766000	98.473638
0.385714	0.385714	9.268300	-3.780000	98.473540
0.387143	0.387143	9.262880	-3.794000	98.473442
0.388571	0.388571	9.257440	-3.808000	98.473344
0.390000	0.390000	9.251980	-3.822000	98.473246
0.391429	0.391429	9.246500	-3.836000	98.473148
0.392857	0.392857	9.241000	-3.850000	98.473050
0.394286	0.394286	9.235480	-3.864000	98.472952
0.395714	0.395714	9.229940	-3.878000	98.472854
0.397143	0.397143	9.224380	-3.892000	98.472756
0.398571	0.398571	9.218800	-3.906000	98.472658
0.400000	0.400000	9.213200	-3.920000	98.472560
0.401429	0.401429	9.207580	-3.934000	98.472462
0.402857	0.402857	9.201940	-3.948000	98.472364
0.404286	0.404286	9.196280	-3.962000	98.472266
0.405714	0.405714	9.190600	-3.976000	98.472168
0.407143	0.407143	9.184900	-3.990000	98.472070
0.408571	0.408571	9.179180	-4.004000	98.471972
0.410000	0.410000	9.173440	-4.018000	98.471874
0.411429	0.411429	9.167680	-4.032000	98.471776
0.412857	0.412857	9.161900	-4.046000	98.471678
0.414286	0.414286	9.156100	-4.060000	98.471580
0.415714	0.415714	9.150280	-4.074000	98.471482
0.417143	0.417143	9.144440	-4.088000	98.471384
0.418571	0.418571	9.138580	-4.102000	98.471286
0.420000	0.420000	9.132700	-4.116000	98.471188
0.421429	0.421429	9.126800	-4.130000	98.471090
0.422857	0.422857	9.120880	-4.144000	98.470992
0.424286	0.424286	9.114940	-4.158000	98.470894
0.425714	0.425714	9.108980	-4.172000	98.470796
0.427143	0.427143	9.103000	-4.186000	98.470698
0.428571	0.428571	9.097000	-4.200000	98.470600
0.430000	0.430000	9.090980	-4.214000	98.470502
0.431429	0.431429	9.084940	-4.228000	98.470404
0.432857	0.432857	9.078880	-4.242000	98.470306
0.434286	0.434286	9.072800	-4.256000	98.470208
0.435714	0.435714	9.066700	-4.270000	98.470110
0.437143	0.437143	9.060580	-4.284000	98.470012
0.438571	0.438571	9.054440	-4.298000	98.469914
0.440000	0.440000	9.048280	-4.312000	98.469816
0.441429	0.441429	9.042100	-4.326000	98.469718
0.442857	0.442857	9.035900	-4.340000	98.469620
0.444286	0.444286	9.029680	-4.354000	98.469522
0.445714	0.445714	9.023440	-4.368000	98.469424
0.447143	0.447143	9.017180	-4.382000	98.469326
0.448571	0.448571	9.010900	-4.396000	98.469228
0.450000	0.450000	9.004600	-4.410000	98.469130
0.451429	0.451429	8.998280	-4.424000	98.469032
0.452857	0.452857	8.991940	-4.438000	98.468934
0.454286	0.454286	8.985580	-4.452000	98.468836
0.455714	0.455714	8.979200	-4.466000	98.468738
0.457143	0.457143	8.972800	-4.480000	98.468640
0.458571	0.458571	8.966380	-4.494000	98.468542
0.460000	0.460000	8.959940	-4.508000	98.468444
0.461429	0.461429	8.953480	-4.522000	98.468346
0.462857	0.462857	8.947000	-4.536000	98.468248
0.464286	0.464286	8.940500	-4.550000	98.468150
0.465714	0.465714	8.933980	-4.564000	98.468052
0.467143	0.467143	8.927440	-4.578000	98.467954
0.468571	0.468571	8.920880	-4.592000	98.467856
0.470000	0.470000	8.914300	-4.606000	98.467758
0.471429	0.471429	8.907700	-4.620000	98.467660
0.472857	0.472857	8.901080	-4.634000	98.467562
0.474286	0.474286	8.894440	-4.648000	98.467464
0.475714	0.475714	8.887780	-4.662000	98.467366
0.477143	0.477143	8.881100	-4.676000	98.467268
0.478571	0.478571	8.874400	-4.690000	98.467170
0.480000	0.480000	8.867680	-4.704000	98.467072
0.481429	0.481429	8.860940	-4.718000	98.466974
0.482857	0.482857	8.854180	-4.732000	98.466876
0.484286	0.484286	8.847400	-4.746000	98.466778
0.485714	0.485714	8.840600	-4.760000	98.466680
0.487143	0.487143	8.833780	-4.774000	98.466582
0.488571	0.488571	8.826940	-4.788000	98.466484
0.490000	0.490000	8.820080	-4.802000	98.466386
0.491429	0.491429	8.813200	-4.816000	98.466288
0.492857	0.492857	8.806300	-4.830000	98.466190
0.494286	0.494286	8.799380	-4.844000	98.466092
0.495714	0.495714	8.792440	-4.858000	98.465994
0.497143	0.497143	8.785480	-4.872000	98.465896
0.498571	0.498571	8.778500	-4.886000	98.465798
0.500000	0.500000	8.771500	-4.900000	98.465700
0.501429	0.501429	8.764480	-4.914000	98.465602
0.502857	0.502857	8.757440	-4.928000	98.465504
0.504286	0.504286	8.750380	-4.942000	98.465406
0.505714	0.505714	8.743300	-4.956000	98.465308
0.507143	0.507143	8.736200	-4.970000	98.465210
0.508571	0.508571	8.729080	-4.984000	98.465112
0.510000	0.510000	8.721940	-4.998000	98.465014
0.511429	0.511429	8.714780	-5.012000	98.464916
0.512857	0.512857	8.707600	-5.026000	98.464818
0.514286	0.514286	8.700400	-5.040000	98.464720
0.515714	0.515714	8.693180	-5.054000	98.464622
0.517143	0.517143	8.685940	-5.068000	98.464524
0.518571	0.518571	8.678680	-5.082000	98.464426
0.520000	0.520000	8.671400	-5.096000	98.464328
0.521429	0.521429	8.664100	-5.110000	98.464230
0.522857	0.522857	8.656780	-5.124000	98.464132
0.524286	0.524286	8.649440	-5.138000	98.464034
0.525714	0.525714	8.642080	-5.152000	98.463936
0.527143	0.527143	8.634700	-5.166000	98.463838
0.528571	0.528571	8.627300	-5.180000	98.463740
0.530000	0.530000	8.619880	-5.194000	98.463642
0.531429	0.531429	8.612440	-5.208000	98.463544
0.532857	0.532857	8.604980	-5.222000	98.463446
0.534286	0.534286	8.597500	-5.236000	98.463348
0.535714	0.535714	8.590000	-5.250000	98.463250
0.537143	0.537143	8.582480	-5.264000	98.463152
0.538571	0.538571	8.574940	-5.278000	98.463054
0.540000	0.540000	8.567380	-5.292000	98.462956
0.541429	0.541429	8.559800	-5.306000	98.462858
0.542857	0.542857	8.552200	-5.320000	98.462760
0.544286	0.544286	8.544580	-5.334000	98.462662
0.545714	0.545714	8.536940	-5.348000	98.462564
0.547143	0.547143	8.529280	-5.362000	98.462466
0.548571	0.548571	8.521600	-5.376000	98.462368
0.550000	0.550000	8.513900	-5.390000	98.462270
0.551429	0.551429	8.506180	-5.404000	98.462172
0.552857	0.552857	8.498440	-5.418000	98.462074
0.554286	0.554286	8.490680	-5.432000	98.461976
0.555714	0.555714	8.482900	-5.446000	98.461878
0.557143	0.557143	8.475100	-5.460000	98.461780
0.558571	0.558571	8.467280	-5.474000	98.461682
0.560000	0.560000	8.459440	-5.488000	98.461584
0.561429	0.561429	8.451580	-5.502000	98.461486
0.562857	0.562857	8.443700	-5.516000	98.461388
0.564286	0.564286	8.435800	-5.530000	98.461290
0.565714	0.565714	8.427880	-5.544000	98.461192
0.567143	0.567143	8.419940	-5.558000	98.461094
0.568571	0.568571	8.411980	-5.572000	98.460996
0.570000	0.570000	8.404000	-5.586000	98.460898
0.571429	0.571429	8.396000	-5.600000	98.460800
0.572857	0.572857	8.387980	-5.614000	98.460702
0.574286	0.574286	8.379940	-5.628000	98.460604
0.575714	0.575714	8.371880	-5.642000	98.460506
0.577143	0.577143	8.363800	-5.656000	98.460408
0.578571	0.578571	8.355700	-5.670000	98.460310
0.580000	0.580000	8.347580	-5.684000	98.460212
0.581429	0.581429	8.339440	-5.698000	98.460114
0.582857	0.582857	8.331280	-5.712000	98.460016
0.584286	0.584286	8.323100	-5.726000	98.459918
0.585714	0.585714	8.314900	-5.740000	98.459820
0.587143	0.587143	8.306680	-5.754000	98.459722
0.588571	0.588571	8.298440	-5.768000	98.459624
0.590000	0.590000	8.290180	-5.782000	98.459526
0.591429	0.591429	8.281900	-5.796000	98.459428
0.592857	0.592857	8.273600	-5.810000	98.459330
0.594286	0.594286	8.265280	-5.824000	98.459232
0.595714	0.595714	8.256940	-5.838000	98.459134
0.597143	0.597143	8.248580	-5.852000	98.459036
0.598571	0.598571	8.240200	-5.866000	98.458938
0.600000	0.600000	8.231800	-5.880000	98.458840
0.601429	0.601429	8.223380	-5.894000	98.458742
0.602857	0.602857	8.214940	-5.908000	98.458644
0.604286	0.604286	8.206480	-5.922000	98.458546
0.605714	0.605714	8.198000	-5.936000	98.458448
0.607143	0.607143	8.189500	-5.950000	98.458350
0.608571	0.608571	8.180980	-5.964000	98.458252
0.610000	0.610000	8.172440	-5.978000	98.458154
0.611429	0.611429	8.163880	-5.992000	98.458056
0.612857	0.612857	8.155300	-6.006000	98.457958
0.614286	0.614286	8.146700	-6.020000	98.457860
0.615714	0.615714	8.138080	-6.034000	98.457762
0.617143	0.617143	8.129440	-6.048000	98.457664
0.618571	0.618571	8.120780	-6.062000	98.457566
0.620000	0.620000	8.112100	-6.076000	98.457468
0.621429	0.621429	8.103400	-6.090000	98.457370
0.622857	0.622857	8.094680	-6.104000	98.457272
0.624286	0.624286	8.085940	-6.118000	98.457174
0.625714	0.625714	8.077180	-6.132000	98.457076
0.627143	0.627143	8.068400	-6.146000	98.456978
0.628571	0.628571	8.059600	-6.160000	98.456880
0.630000	0.630000	8.050780	-6.174000	98.456782
0.631429	0.631429	8.041940	-6.188000	98.456684
0.632857	0.632857	8.033080	-6.202000	98.456586
0.634286	0.634286	8.024200	-6.216000	98.456488
0.635714	0.635714	8.015300	-6.230000	98.456390
0.637143	0.637143	8.006380	-6.244000	98.456292
0.638571	0.638571	7.997440	-6.258000	98.456194
0.640000	0.640000	7.988480	-6.272000	98.456096
0.641429	0.641429	7.979500	-6.286000	98.455998
0.642857	0.642857	7.970500	-6.300000	98.455900
0.644286	0.644286	7.961480	-6.314000	98.455802
0.645714	0.645714	7.952440	-6.328000	98.455704
0.647143	0.647143	7.943380	-6.342000	98.455606
0.648571	0.648571	7.934300	-6.356000	98.455508
0.650000	0.650000	7.925200	-6.370000	98.455410
0.651429	0.651429	7.916080	-6.384000	98.455312
0.652857	0.652857	7.906940	-6.398000	98.455214
0.654286	0.654286	7.897780	-6.412000	98.455116
0.655714	0.655714	7.888600	-6.426000	98.455018
0.657143	0.657143	7.879400	-6.440000	98.454920
0.658571	0.658571	7.870180	-6.454000	98.454822
0.660000	0.660000	7.860940	-6.468000	98.454724
0.661429	0.661429	7.851680	-6.482000	98.454626
0.662857	0.662857	7.842400	-6.496000	98.454528
0.664286	0.664286	7.833100	-6.510000	98.454430
0.665714	0.665714	7.823780	-6.524000	98.454332
0.667143	0.667143	7.814440	-6.538000	98.454234
0.668571	0.668571	7.805080	-6.552000	98.454136
0.670000	0.670000	7.795700	-6.566000	98.454038
0.671429	0.671429	7.786300	-6.580000	98.453940
0.672857	0.672857	7.776880	-6.594000	98.453842
0.674286	0.674286	7.767440	-6.608000	98.453744
0.675714	0.675714	7.757980	-6.622000	98.453646
0.677143	0.677143	7.748500	-6.636000	98.453548
0.678571	0.678571	7.739000	-6.650000	98.453450
0.680000	0.680000	7.729480	-6.664000	98.453352
0.681429	0.681429	7.719940	-6.678000	98.453254
0.682857	0.682857	7.710380	-6.692000	98.453156
0.684286	0.684286	7.700800	-6.706000	98.453058
0.685714	0.685714	7.691200	-6.720000	98.452960
0.687143	0.687143	7.681580	-6.734000	98.452862
0.688571	0.688571	7.671940	-6.748000	98.452764
0.690000	0.690000	7.662280	-6.762000	98.452666
0.691429	0.691429	7.652600	-6.776000	98.452568
0.692857	0.692857	7.642900	-6.790000	98.452470
0.694286	0.694286	7.633180	-6.804000	98.452372
0.695714	0.695714	7.623440	-6.818000	98.452274
0.697143	0.697143	7.613680	-6.832000	98.452176
0.698571	0.698571	7.603900	-6.846000	98.452078
0.700000	0.700000	7.594100	-6.860000	98.451980
0.701429	0.701429	7.584280	-6.874000	98.451882
0.702857	0.702857	7.574440	-6.888000	98.451784
0.704286	0.704286	7.564580	-6.902000	98.451686
0.705714	0.705714	7.554700	-6.916000	98.451588
0.707143	0.707143	7.544800	-6.930000	98.451490
0.708571	0.708571	7.534880	-6.944000	98.451392
0.710000	0.710000	7.524940	-6.958000	98.451294
0.711429	0.711429	7.514980	-6.972000	98.451196
0.712857	0.712857	7.505000	-6.986000	98.451098
0.714286	0.714286	7.495000	-7.000000	98.451000
0.715714	0.715714	7.484980	-7.014000	98.450902
0.717143	0.717143	7.474940	-7.028000	98.450804
0.718571	0.718571	7.464880	-7.042000	98.450706
0.720000	0.720000	7.454800	-7.056000	98.450608
0.721429	0.721429	7.444700	-7.070000	98.450510
0.722857	0.722857	7.434580	-7.084000	98.450412
0.724286	0.724286	7.424440	-7.098000	98.450314
0.725714	0.725714	7.414280	-7.112000	98.450216
0.727143	0.727143	7.404100	-7.126000	98.450118
0.728571	0.728571	7.393900	-7.140000	98.450020
0.730000	0.730000	7.383680	-7.154000	98.449922
0.731429	0.731429	7.373440	-7.168000	98.449824
0.732857	0.732857	7.363180	-7.182000	98.449726
0.734286	0.734286	7.352900	-7.196000	98.449628
0.735714	0.735714	7.342600	-7.210000	98.449530
0.737143	0.737143	7.332280	-7.224000	98.449432
0.738571	0.738571	7.321940	-7.238000	98.449334
0.740000	0.740000	7.311580	-7.252000	98.449236
0.741429	0.741429	7.301200	-7.266000	98.449138
0.742857	0.742857	7.290800	-7.280000	98.449040
0.744286	0.744286	7.280380	-7.294000	98.448942
0.745714	0.745714	7.269940	-7.308000	98.448844
0.747143	0.747143	7.259480	-7.322000	98.448746
0.748571	0.748571	7.249000	-7.336000	98.448648
0.750000	0.750000	7.238500	-7.350000	98.448550
0.751429	0.751429	7.227980	-7.364000	98.448452
0.752857	0.752857	7.217440	-7.378000	98.448354
0.754286	0.754286	7.206880	-7.392000	98.448256
0.755714	0.755714	7.196300	-7.406000	98.448158
0.757143	0.757143	7.185700	-7.420000	98.448060
0.758571	0.758571	7.175080	-7.434000	98.447962
0.760000	0.760000	7.164440	-7.448000	98.447864
0.761429	0.761429	7.153780	-7.462000	98.447766
0.762857	0.762857	7.143100	-7.476000	98.447668
0.764286	0.764286	7.132400	-7.490000	98.447570
0.765714	0.765714	7.121680	-7.504000	98.447472
0.767143	0.767143	7.110940	-7.518000	98.447374
0.768571	0.768571	7.100180	-7.532000	98.447276
0.770000	0.770000	7.089400	-7.546000	98.447178
0.771429	0.771429	7.078600	-7.560000	98.447080
0.772857	0.772857	7.067780	-7.574000	98.446982
0.774286	0.774286	7.056940	-7.588000	98.446884
0.775714	0.775714	7.046080	-7.602000	98.446786
0.777143	0.777143	7.035200	-7.616000	98.446688
0.778571	0.778571	7.024300	-7.630000	98.446590
0.780000	0.780000	7.013380	-7.644000	98.446492
0.781429	0.781429	7.002440	-7.658000	98.446394
0.782857	0.782857	6.991480	-7.672000	98.446296
0.784286	0.784286	6.980500	-7.686000	98.446198
0.785714	0.785714	6.969500	-7.700000	98.446100
0.787143	0.787143	6.958480	-7.714000	98.446002
0.788571	0.788571	6.947440	-7.728000	98.445904
0.790000	0.790000	6.936380	-7.742000	98.445806
0.791429	0.791429	6.925300	-7.756000	98.445708
0.792857	0.792857	6.914200	-7.770000	98.445610
0.794286	0.794286	6.903080	-7.784000	98.445512
0.795714	0.795714	6.891940	-7.798000	98.445414
0.797143	0.797143	6.880780	-7.812000	98.445316
0.798571	0.798571	6.869600	-7.826000	98.445218
0.800000	0.800000	6.858400	-7.840000	98.445120
0.801429	0.801429	6.847180	-7.854000	98.445022
0.802857	0.802857	6.835940	-7.868000	98.444924
0.804286	0.804286	6.824680	-7.882000	98.444826
0.805714	0.805714	6.813400	-7.896000	98.444728
0.807143	0.807143	6.802100	-7.910000	98.444630
0.808571	0.808571	6.790780	-7.924000	98.444532
0.810000	0.810000	6.779440	-7.938000	98.444434
0.811429	0.811429	6.768080	-7.952000	98.444336
0.812857	0.812857	6.756700	-7.966000	98.444238
0.814286	0.814286	6.745300	-7.980000	98.444140
0.815714	0.815714	6.733880	-7.994000	98.444042
0.817143	0.817143	6.722440	-8.008000	98.443944
0.818571	0.818571	6.710980	-8.022000	98.443846
0.820000	0.820000	6.699500	-8.036000	98.443748
0.821429	0.821429	6.688000	-8.050000	98.443650
0.822857	0.822857	6.676480	-8.064000	98.443552
0.824286	0.824286	6.664940	-8.078000	98.443454
0.825714	0.825714	6.653380	-8.092000	98.443356
0.827143	0.827143	6.641800	-8.106000	98.443258
0.828571	0.828571	6.630200	-8.120000	98.443160
0.830000	0.830000	6.618580	-8.134000	98.443062
0.831429	0.831429	6.606940	-8.148000	98.442964
0.832857	0.832857	6.595280	-8.162000	98.442866
0.834286	0.834286	6.583600	-8.176000	98.442768
0.835714	0.835714	6.571900	-8.190000	98.442670
0.837143	0.837143	6.560180	-8.204000	98.442572
0.838571	0.838571	6.548440	-8.218000	98.442474
0.840000	0.840000	6.536680	-8.232000	98.442376
0.841429	0.841429	6.524900	-8.246000	98.442278
0.842857	0.842857	6.513100	-8.260000	98.442180
0.844286	0.844286	6.501280	-8.274000	98.442082
0.845714	0.845714	6.489440	-8.288000	98.441984
0.847143	0.847143	6.477580	-8.302000	98.441886
0.848571	0.848571	6.465700	-8.316000	98.441788
0.850000	0.850000	6.453800	-8.330000	98.441690
0.851429	0.851429	6.441880	-8.344000	98.441592
0.852857	0.852857	6.429940	-8.358000	98.441494
0.854286	0.854286	6.417980	-8.372000	98.441396
0.855714	0.855714	6.406000	-8.386000	98.441298
0.857143	0.857143	6.394000	-8.400000	98.441200
0.858571	0.858571	6.381980	-8.414000	98.441102
0.860000	0.860000	6.369940	-8.428000	98.441004
0.861429	0.861429	6.357880	-8.442000	98.440906
0.862857	0.862857	6.345800	-8.456000	98.440808
0.864286	0.864286	6.333700	-8.470000	98.440710
0.865714	0.865714	6.321580	-8.484000	98.440612
0.867143	0.867143	6.309440	-8.498000	98.440514
0.868571	0.868571	6.297280	-8.512000	98.440416
0.870000	0.870000	6.285100	-8.526000	98.440318
0.871429	0.871429	6.272900	-8.540000	98.440220
0.872857	0.872857	6.260680	-8.554000	98.440122
0.874286	0.874286	6.248440	-8.568000	98.440024
0.875714	0.875714	6.236180	-8.582000	98.439926
0.877143	0.877143	6.223900	-8.596000	98.439828
0.878571	0.878571	6.211600	-8.610000	98.439730
0.880000	0.880000	6.199280	-8.624000	98.439632
0.881429	0.881429	6.186940	-8.638000	98.439534
0.882857	0.882857	6.174580	-8.652000	98.439436
0.884286	0.884286	6.162200	-8.666000	98.439338
0.885714	0.885714	6.149800	-8.680000	98.439240
0.887143	0.887143	6.137380	-8.694000	98.439142
0.888571	0.888571	6.124940	-8.708000	98.439044
0.890000	0.890000	6.112480	-8.722000	98.438946
0.891429	0.891429	6.100000	-8.736000	98.438848
0.892857	0.892857	6.087500	-8.750000	98.438750
0.894286	0.894286	6.074980	-8.764000	98.438652
0.895714	0.895714	6.062440	-8.778000	98.438554
0.897143	0.897143	6.049880	-8.792000	98.438456
0.898571	0.898571	6.037300	-8.806000	98.438358
0.900000	0.900000	6.024700	-8.820000	98.438260
0.901429	0.901429	6.012080	-8.834000	98.438162
0.902857	0.902857	5.999440	-8.848000	98.438064
0.904286	0.904286	5.986780	-8.862000	98.437966
0.905714	0.905714	5.974100	-8.876000	98.437868
0.907143	0.907143	5.961400	-8.890000	98.437770
0.908571	0.908571	5.948680	-8.904000	98.437672
0.910000	0.910000	5.935940	-8.918000	98.437574
0.911429	0.911429	5.923180	-8.932000	98.437476
0.912857	0.912857	5.910400	-8.946000	98.437378
0.914286	0.914286	5.897600	-8.960000	98.437280
0.915714	0.915714	5.884780	-8.974000	98.437182
0.917143	0.917143	5.871940	-8.988000	98.437084
0.918571	0.918571	5.859080	-9.002000	98.436986
0.920000	0.920000	5.846200	-9.016000	98.436888
0.921429	0.921429	5.833300	-9.030000	98.436790
0.922857	0.922857	5.820380	-9.044000	98.436692
0.924286	0.924286	5.807440	-9.058000	98.436594
0.925714	0.925714	5.794480	-9.072000	98.436496
0.927143	0.927143	5.781500	-9.086000	98.436398
0.928571	0.928571	5.768500	-9.100000	98.436300
0.930000	0.930000	5.755480	-9.114000	98.436202
0.931429	0.931429	5.742440	-9.128000	98.436104
0.932857	0.932857	5.729380	-9.142000	98.436006
0.934286	0.934286	5.716300	-9.156000	98.435908
0.935714	0.935714	5.703200	-9.170000	98.435810
0.937143	0.937143	5.690080	-9.184000	98.435712
0.938571	0.938571	5.676940	-9.198000	98.435614
0.940000	0.940000	5.663780	-9.212000	98.435516
0.941429	0.941429	5.650600	-9.226000	98.435418
0.942857	0.942857	5.637400	-9.240000	98.435320
0.944286	0.944286	5.624180	-9.254000	98.435222
0.945714	0.945714	5.610940	-9.268000	98.435124
0.947143	0.947143	5.597680	-9.282000	98.435026
0.948571	0.948571	5.584400	-9.296000	98.434928
0.950000	0.950000	5.571100	-9.310000	98.434830
0.951429	0.951429	5.557780	-9.324000	98.434732
0.952857	0.952857	5.544440	-9.338000	98.434634
0.954286	0.954286	5.531080	-9.352000	98.434536
0.955714	0.955714	5.517700	-9.366000	98.434438
0.957143	0.957143	5.504300	-9.380000	98.434340
0.958571	0.958571	5.490880	-9.394000	98.434242
0.960000	0.960000	5.477440	-9.408000	98.434144
0.961429	0.961429	5.463980	-9.422000	98.434046
0.962857	0.962857	5.450500	-9.436000	98.433948
0.964286	0.964286	5.437000	-9.450000	98.433850
0.965714	0.965714	5.423480	-9.464000	98.433752
0.967143	0.967143	5.409940	-9.478000	98.433654
0.968571	0.968571	5.396380	-9.492000	98.433556
0.970000	0.970000	5.382800	-9.506000	98.433458
0.971429	0.971429	5.369200	-9.520000	98.433360
0.972857	0.972857	5.355580	-9.534000	98.433262
0.974286	0.974286	5.341940	-9.548000	98.433164
0.975714	0.975714	5.328280	-9.562000	98.433066
0.977143	0.977143	5.314600	-9.576000	98.432968
0.978571	0.978571	5.300900	-9.590000	98.432870
0.980000	0.980000	5.287180	-9.604000	98.432772
0.981429	0.981429	5.273440	-9.618000	98.432674
0.982857	0.982857	5.259680	-9.632000	98.432576
0.984286	0.984286	5.245900	-9.646000	98.432478
0.985714	0.985714	5.232100	-9.660000	98.432380
0.987143	0.987143	5.218280	-9.674000	98.432282
0.988571	0.988571	5.204440	-9.688000	98.432184
0.990000	0.990000	5.190580	-9.702000	98.432086
0.991429	0.991429	5.176700	-9.716000	98.431988
0.992857	0.992857	5.162800	-9.730000	98.431890
0.994286	0.994286	5.148880	-9.744000	98.431792
0.995714	0.995714	5.134940	-9.758000	98.431694
0.997143	0.997143	5.120980	-9.772000	98.431596
0.998571	0.998571	5.107000	-9.786000	98.431498
1.000000	1.000000	5.093000	-9.800000	98.431400
1.001429	1.001429	5.078980	-9.814000	98.431302
1.002857	1.002857	5.064940	-9.828000	98.431204
1.004286	1.004286	5.050880	-9.842000	98.431106
1.005714	1.005714	5.036800	-9.856000	98.431008
1.007143	1.007143	5.022700	-9.870000	98.430910
1.008571	1.008571	5.008580	-9.884000	98.430812
1.010000	1.010000	4.994440	-9.898000	98.430714
1.011429	1.011429	4.980280	-9.912000	98.430616
1.012857	1.012857	4.966100	-9.926000	98.430518
1.014286	1.014286	4.951900	-9.940000	98.430420
1.015714	1.015714	4.937680	-9.954000	98.430322
1.017143	1.017143	4.923440	-9.968000	98.430224
1.018571	1.018571	4.909180	-9.982000	98.430126
1.020000	1.020000	4.894900	-9.996000	98.430028
1.021429	1.021429	4.880600	-10.010000	98.429930
1.022857	1.022857	4.866280	-10.024000	98.429832
1.024286	1.024286	4.851940	-10.038000	98.429734
1.025714	1.025714	4.837580	-10.052000	98.429636
1.027143	1.027143	4.823200	-10.066000	98.429538
1.028571	1.028571	4.808800	-10.080000	98.429440
1.030000	1.030000	4.794380	-10.094000	98.429342
1.031429	1.031429	4.779940	-10.108000	98.429244
1.032857	1.032857	4.765480	-10.122000	98.429146
1.034286	1.034286	4.751000	-10.136000	98.429048
1.035714	1.035714	4.736500	-10.150000	98.428950
1.037143	1.037143	4.721980	-10.164000	98.428852
1.038571	1.038571	4.707440	-10.178000	98.428754
1.040000	1.040000	4.692880	-10.192000	98.428656
1.041429	1.041429	4.678300	-10.206000	98.428558
1.042857	1.042857	4.663700	-10.220000	98.428460
1.044286	1.044286	4.649080	-10.234000	98.428362
1.045714	1.045714	4.634440	-10.248000	98.428264
1.047143	1.047143	4.619780	-10.262000	98.428166
1.048571	1.048571	4.605100	-10.276000	98.428068
1.050000	1.050000	4.590400	-10.290000	98.427970
1.051429	1.051429	4.575680	-10.304000	98.427872
1.052857	1.052857	4.560940	-10.318000	98.427774
1.054286	1.054286	4.546180	-10.332000	98.427676
1.055714	1.055714	4.531400	-10.346000	98.427578
1.057143	1.057143	4.516600	-10.360000	98.427480
1.058571	1.058571	4.501780	-10.374000	98.427382
1.060000	1.060000	4.486940	-10.388000	98.427284
1.061429	1.061429	4.472080	-10.402000	98.427186
1.062857	1.062857	4.457200	-10.416000	98.427088
1.064286	1.064286	4.442300	-10.430000	98.426990
1.065714	1.065714	4.427380	-10.444000	98.426892
1.067143	1.067143	4.412440	-10.458000	98.426794
1.068571	1.068571	4.397480	-10.472000	98.426696
1.070000	1.070000	4.382500	-10.486000	98.426598
1.071429	1.071429	4.367500	-10.500000	98.426500
1.072857	1.072857	4.352480	-10.514000	98.426402
1.074286	1.074286	4.337440	-10.528000	98.426304
1.075714	1.075714	4.322380	-10.542000	98.426206
1.077143	1.077143	4.307300	-10.556000	98.426108
1.078571	1.078571	4.292200	-10.570000	98.426010
1.080000	1.080000	4.277080	-10.584000	98.425912
1.081429	1.081429	4.261940	-10.598000	98.425814
1.082857	1.082857	4.246780	-10.612000	98.425716
1.084286	1.084286	4.231600	-10.626000	98.425618
1.085714	1.085714	4.216400	-10.640000	98.425520
1.087143	1.087143	4.201180	-10.654000	98.425422
1.088571	1.088571	4.185940	-10.668000	98.425324
1.090000	1.090000	4.170680	-10.682000	98.425226
1.091429	1.091429	4.155400	-10.696000	98.425128
1.092857	1.092857	4.140100	-10.710000	98.425030
1.094286	1.094286	4.124780	-10.724000	98.424932
1.095714	1.095714	4.109440	-10.738000	98.424834
1.097143	1.097143	4.094080	-10.752000	98.424736
1.098571	1.098571	4.078700	-10.766000	98.424638
1.100000	1.100000	4.063300	-10.780000	98.424540
1.101429	1.101429	4.047880	-10.794000	98.424442
1.102857	1.102857	4.032440	-10.808000	98.424344
1.104286	1.104286	4.016980	-10.822000	98.424246
1.105714	1.105714	4.001500	-10.836000	98.424148
1.107143	1.107143	3.986000	-10.850000	98.424050
1.108571	1.108571	3.970480	-10.864000	98.423952
1.110000	1.110000	3.954940	-10.878000	98.423854
1.111429	1.111429	3.939380	-10.892000	98.423756
1.112857	1.112857	3.923800	-10.906000	98.423658
1.114286	1.114286	3.908200	-10.920000	98.423560
1.115714	1.115714	3.892580	-10.934000	98.423462
1.117143	1.117143	3.876940	-10.948000	98.423364
1.118571	1.118571	3.861280	-10.962000	98.423266
1.120000	1.120000	3.845600	-10.976000	98.423168
1.121429	1.121429	3.829900	-10.990000	98.423070
1.122857	1.122857	3.814180	-11.004000	98.422972
1.124286	1.124286	3.798440	-11.018000	98.422874
1.125714	1.125714	3.782680	-11.032000	98.422776
1.127143	1.127143	3.766900	-11.046000	98.422678
1.128571	1.128571	3.751100	-11.060000	98.422580
1.130000	1.130000	3.735280	-11.074000	98.422482
1.131429	1.131429	3.719440	-11.088000	98.422384
1.132857	1.132857	3.703580	-11.102000	98.422286
1.134286	1.134286	3.687700	-11.116000	98.422188
1.135714	1.135714	3.671800	-11.130000	98.422090
1.137143	1.137143	3.655880	-11.144000	98.421992
1.138571	1.138571	3.639940	-11.158000	98.421894
1.140000	1.140000	3.623980	-11.172000	98.421796
1.141429	1.141429	3.608000	-11.186000	98.421698
1.142857	1.142857	3.592000	-11.200000	98.421600
1.144286	1.144286	3.575980	-11.214000	98.421502
1.145714	1.145714	3.559940	-11.228000	98.421404
1.147143	1.147143	3.543880	-11.242000	98.421306
1.148571	1.148571	3.527800	-11.256000	98.421208
1.150000	1.150000	3.511700	-11.270000	98.421110
1.151429	1.151429	3.495580	-11.284000	98.421012
1.152857	1.152857	3.479440	-11.298000	98.420914
1.154286	1.154286	3.463280	-11.312000	98.420816
1.155714	1.155714	3.447100	-11.326000	98.420718
1.157143	1.157143	3.430900	-11.340000	98.420620
1.158571	1.158571	3.414680	-11.354000	98.420522
1.160000	1.160000	3.398440	-11.368000	98.420424
1.161429	1.161429	3.382180	-11.382000	98.420326
1.162857	1.162857	3.365900	-11.396000	98.420228
1.164286	1.164286	3.349600	-11.410000	98.420130
1.165714	1.165714	3.333280	-11.424000	98.420032
1.167143	1.167143	3.316940	-11.438000	98.419934
1.168571	1.168571	3.300580	-11.452000	98.419836
1.170000	1.170000	3.284200	-11.466000	98.419738
1.171429	1.171429	3.267800	-11.480000	98.419640
1.172857	1.172857	3.251380	-11.494000	98.419542
1.174286	1.174286	3.234940	-11.508000	98.419444
1.175714	1.175714	3.218480	-11.522000	98.419346
1.177143	1.177143	3.202000	-11.536000	98.419248
1.178571	1.178571	3.185500	-11.550000	98.419150
1.180000	1.180000	3.168980	-11.564000	98.419052
1.181429	1.181429	3.152440	-11.578000	98.418954
1.182857	1.182857	3.135880	-11.592000	98.418856
1.184286	1.184286	3.119300	-11.606000	98.418758
1.185714	1.185714	3.102700	-11.620000	98.418660
1.187143	1.187143	3.086080	-11.634000	98.418562
1.188571	1.188571	3.069440	-11.648000	98.418464
1.190000	1.190000	3.052780	-11.662000	98.418366
1.191429	1.191429	3.036100	-11.676000	98.418268
1.192857	1.192857	3.019400	-11.690000	98.418170
1.194286	1.194286	3.002680	-11.704000	98.418072
1.195714	1.195714	2.985940	-11.718000	98.417974
1.197143	1.197143	2.969180	-11.732000	98.417876
1.198571	1.198571	2.952400	-11.746000	98.417778
1.200000	1.200000	2.935600	-11.760000	98.417680
1.201429	1.201429	2.918780	-11.774000	98.417582
1.202857	1.202857	2.901940	-11.788000	98.417484
1.204286	1.204286	2.885080	-11.802000	98.417386
1.205714	1.205714	2.868200	-11.816000	98.417288
1.207143	1.207143	2.851300	-11.830000	98.417190
1.208571	1.208571	2.834380	-11.844000	98.417092
1.210000	1.210000	2.817440	-11.858000	98.416994
1.211429	1.211429	2.800480	-11.872000	98.416896
1.212857	1.212857	2.783500	-11.886000	98.416798
1.214286	1.214286	2.766500	-11.900000	98.416700
1.215714	1.215714	2.749480	-11.914000	98.416602
1.217143	1.217143	2.732440	-11.928000	98.416504
1.218571	1.218571	2.715380	-11.942000	98.416406
1.220000	1.220000	2.698300	-11.956000	98.416308
1.221429	1.221429	2.681200	-11.970000	98.416210
1.222857	1.222857	2.664080	-11.984000	98.416112
1.224286	1.224286	2.646940	-11.998000	98.416014
1.225714	1.225714	2.629780	-12.012000	98.415916
1.227143	1.227143	2.612600	-12.026000	98.415818
1.228571	1.228571	2.595400	-12.040000	98.415720
1.230000	1.230000	2.578180	-12.054000	98.415622
1.231429	1.231429	2.560940	-12.068000	98.415524
1.232857	1.232857	2.543680	-12.082000	98.415426
1.234286	1.234286	2.526400	-12.096000	98.415328
1.235714	1.235714	2.509100	-12.110000	98.415230
1.237143	1.237143	2.491780	-12.124000	98.415132
1.238571	1.238571	2.474440	-12.138000	98.415034
1.240000	1.240000	2.457080	-12.152000	98.414936
1.241429	1.241429	2.439700	-12.166000	98.414838
1.242857	1.242857	2.422300	-12.180000	98.414740
1.244286	1.244286	2.404880	-12.194000	98.414642
1.245714	1.245714	2.387440	-12.208000	98.414544
1.247143	1.247143	2.369980	-12.222000	98.414446
1.248571	1.248571	2.352500	-12.236000	98.414348
1.250000	1.250000	2.335000	-12.250000	98.414250
1.251429	1.251429	2.317480	-12.264000	98.414152
1.252857	1.252857	2.299940	-12.278000	98.414054
1.254286	1.254286	2.282380	-12.292000	98.413956
1.255714	1.255714	2.264800	-12.306000	98.413858
1.257143	1.257143	2.247200	-12.320000	98.413760
1.258571	1.258571	2.229580	-12.334000	98.413662
1.260000	1.260000	2.211940	-12.348000	98.413564
1.261429	1.261429	2.194280	-12.362000	98.413466
1.262857	1.262857	2.176600	-12.376000	98.413368
1.264286	1.264286	2.158900	-12.390000	98.413270
1.265714	1.265714	2.141180	-12.404000	98.413172
1.267143	1.267143	2.123440	-12.418000	98.413074
1.268571	1.268571	2.105680	-12.432000	98.412976
1.270000	1.270000	2.087900	-12.446000	98.412878
1.271429	1.271429	2.070100	-12.460000	98.412780
1.272857	1.272857	2.052280	-12.474000	98.412682
1.274286	1.274286	2.034440	-12.488000	98.412584
1.275714	1.275714	2.016580	-12.502000	98.412486
1.277143	1.277143	1.998700	-12.516000	98.412388
1.278571	1.278571	1.980800	-12.530000	98.412290
1.280000	1.280000	1.962880	-12.544000	98.412192
1.281429	1.281429	1.944940	-12.558000	98.412094
1.282857	1.282857	1.926980	-12.572000	98.411996
1.284286	1.284286	1.909000	-12.586000	98.411898
1.285714	1.285714	1.891000	-12.600000	98.411800
1.287143	1.287143	1.872980	-12.614000	98.411702
1.288571	1.288571	1.854940	-12.628000	98.411604
1.290000	1.290000	1.836880	-12.642000	98.411506
1.291429	1.291429	1.818800	-12.656000	98.411408
1.292857	1.292857	1.800700	-12.670000	98.411310
1.294286	1.294286	1.782580	-12.684000	98.411212
1.295714	1.295714	1.764440	-12.698000	98.411114
1.297143	1.297143	1.746280	-12.712000	98.411016
1.298571	1.298571	1.728100	-12.726000	98.410918
1.300000	1.300000	1.709900	-12.740000	98.410820
1.301429	1.301429	1.691680	-12.754000	98.410722
1.302857	1.302857	1.673440	-12.768000	98.410624
1.304286	1.304286	1.655180	-12.782000	98.410526
1.305714	1.305714	1.636900	-12.796000	98.410428
1.307143	1.307143	1.618600	-12.810000	98.410330
1.308571	1.308571	1.600280	-12.824000	98.410232
1.310000	1.310000	1.581940	-12.838000	98.410134
1.311429	1.311429	1.563580	-12.852000	98.410036
1.312857	1.312857	1.545200	-12.866000	98.409938
1.314286	1.314286	1.526800	-12.880000	98.409840
1.315714	1.315714	1.508380	-12.894000	98.409742
1.317143	1.317143	1.489940	-12.908000	98.409644
1.318571	1.318571	1.471480	-12.922000	98.409546
1.320000	1.320000	1.453000	-12.936000	98.409448
1.321429	1.321429	1.434500	-12.950000	98.409350
1.322857	1.322857	1.415980	-12.964000	98.409252
1.324286	1.324286	1.397440	-12.978000	98.409154
1.325714	1.325714	1.378880	-12.992000	98.409056
1.327143	1.327143	1.360300	-13.006000	98.408958
1.328571	1.328571	1.341700	-13.020000	98.408860
1.330000	1.330000	1.323080	-13.034000	98.408762
1.331429	1.331429	1.304440	-13.048000	98.408664
1.332857	1.332857	1.285780	-13.062000	98.408566
1.334286	1.334286	1.267100	-13.076000	98.408468
1.335714	1.335714	1.248400	-13.090000	98.408370
1.337143	1.337143	1.229680	-13.104000	98.408272
1.338571	1.338571	1.210940	-13.118000	98.408174
1.340000	1.340000	1.192180	-13.132000	98.408076
1.341429	1.341429	1.173400	-13.146000	98.407978
1.342857	1.342857	1.154600	-13.160000	98.407880
1.344286	1.344286	1.135780	-13.174000	98.407782
1.345714	1.345714	1.116940	-13.188000	98.407684
1.347143	1.347143	1.098080	-13.202000	98.407586
1.348571	1.348571	1.079200	-13.216000	98.407488
1.350000	1.350000	1.060300	-13.230000	98.407390
1.351429	1.351429	1.041380	-13.244000	98.407292
1.352857	1.352857	1.022440	-13.258000	98.407194
1.354286	1.354286	1.003480	-13.272000	98.407096
1.355714	1.355714	0.984500	-13.286000	98.406998
1.357143	1.357143	0.965500	-13.300000	98.406900
1.358571	1.358571	0.946480	-13.314000	98.406802
1.360000	1.360000	0.927440	-13.328000	98.406704
1.361429	1.361429	0.908380	-13.342000	98.406606
1.362857	1.362857	0.889300	-13.356000	98.406508
1.364286	1.364286	0.870200	-13.370000	98.406410
1.365714	1.365714	0.851080	-13.384000	98.406312
1.367143	1.367143	0.831940	-13.398000	98.406214
1.368571	1.368571	0.812780	-13.412000	98.406116
1.370000	1.370000	0.793600	-13.426000	98.406018
1.371429	1.371429	0.774400	-13.440000	98.405920
1.372857	1.372857	0.755180	-13.454000	98.405822
1.374286	1.374286	0.735940	-13.468000	98.405724
1.375714	1.375714	0.716680	-13.482000	98.405626
1.377143	1.377143	0.697400	-13.496000	98.405528
1.378571	1.378571	0.678100	-13.510000	98.405430
1.380000	1.380000	0.658780	-13.524000	98.405332
1.381429	1.381429	0.639440	-13.538000	98.405234
1.382857	1.382857	0.620080	-13.552000	98.405136
1.384286	1.384286	0.600700	-13.566000	98.405038
1.385714	1.385714	0.581300	-13.580000	98.404940
1.387143	1.387143	0.561880	-13.594000	98.404842
1.388571	1.388571	0.542440	-13.608000	98.404744
1.390000	1.390000	0.522980	-13.622000	98.404646
1.391429	1.391429	0.503500	-13.636000	98.404548
1.392857	1.392857	0.484000	-13.650000	98.404450
1.394286	1.394286	0.464480	-13.664000	98.404352
1.395714	1.395714	0.444940	-13.678000	98.404254
1.397143	1.397143	0.425380	-13.692000	98.404156
1.398571	1.398571	0.405800	-13.706000	98.404058
1.400000	1.400000	0.386200	-13.720000	98.403960
1.401429	1.401429	0.366580	-13.734000	98.403862
1.402857	1.402857	0.346940	-13.748000	98.403764
1.404286	1.404286	0.327280	-13.762000	98.403666
1.405714	1.405714	0.307600	-13.776000	98.403568
1.407143	1.407143	0.287900	-13.790000	98.403470
1.408571	1.408571	0.268180	-13.804000	98.403372
1.410000	1.410000	0.248440	-13.818000	98.403274
1.411429	1.411429	0.228680	-13.832000	98.403176
1.412857	1.412857	0.208900	-13.846000	98.403078
1.414286	1.414286	0.189100	-13.860000	98.402980
1.415714	1.415714	0.169280	-13.874000	98.402882
1.417143	1.417143	0.149440	-13.888000	98.402784
1.418571	1.418571	0.129580	-13.902000	98.402686
1.420000	1.420000	0.109700	-13.916000	98.402588
1.421429	1.421429	0.089800	-13.930000	98.402490
1.422857	1.422857	0.069880	-13.944000	98.402392
1.424286	1.424286	0.049940	-13.958000	98.402294
1.425714	1.425714	0.029980	-13.972000	98.402196
1.427143	1.427143	0.010000	-13.986000	98.402098
